 0             0
 0             0
 0             0
 0             0
 0             0
 0             0
 0             0
 0             0
 0             0
 0             0
 0             0
 3.222e-002    0
 6.444e-002    0
 9.666e-002    0
 0.12888       0
 0.12888       0
 0.1611        0
 0.19332       0
 0.22554       0
 0.22554       0
 0.28998       0
 0.28998       0
 0.3222        0
 0.35442       0
 0.38664       0
 0.41886       0
 0.45108       0
 0.45108       0
 0.4833        0
 0.51552       0
 0.54774       0
 0.57996       0
 0.61218       0
 0.61218       0
 0.67662       0
 0.67662       0
 0.70884       0
 0.74106       0
 0.77328       0
 0.8055        0
 0.83772       0
 0.86994       0
 0.90216       0
 0.90216       0
 0.93438       0
 0.9666        0
 0.99882       0
 1.03104       0
 1.06326       0
 1.09548       0
 1.09548       0
 1.15992       0
 1.15992       0
 1.19214       0
 1.22436       0
 1.25658       0
 1.2888        0
 1.32102       0
 1.32102       0
 1.38546       0
 1.38546       0
 1.41768       0
 1.4499        0
 1.48212       0
 1.51434       0
 1.54656       0
 1.57878       0
 1.57878       0
 1.64322       0
 1.64322       0
 1.67544       0
 1.70766       0
 1.73988       0
 1.7721        0
 1.80432       0
 1.83654       0
 1.86876       0
 1.90098       0
 1.90098       0
 1.9332        0
 1.96542       0
 1.99764       0
 2.02986       0
 2.06208       0
 2.0943        0
 2.12652       0
 2.15874       0
 2.19096       0
 2.19096       0
 2.22318       0
 2.2554        0
 2.28762       0
 2.31984       0
 2.35206       0
 2.38428       0
 2.4165        0
 2.44872       0
 2.48094       0
 2.48094       0
 2.54538       0
 2.54538       0
 2.5776        0
 2.60982       0
 2.64204       0
 2.67426       0
 2.70648       0
 2.7387        0
 2.77092       0
 2.80314       0
 2.80314       0
 2.86758       0
 2.86758       0
 2.8998        0
 2.93202       0
 2.96424       1
 2.99646       3
 3.02868       3
 3.0609        4
 3.09312       3
 3.12534       3
 3.15756       3
 3.18978       2
 3.222         2
 3.25422       2
 3.28644       1
 3.31866       1
 3.35088       1
 3.3831        1
 3.41532       0
 3.44754       0
 3.47976       0
 3.51198       0
 3.51198       0
 3.5442        0
 3.57642       0
 3.60864       0
 3.64086       0
 3.67308       0
 3.7053        0
 3.73752       0
 3.76974       0
 3.80196       0
 3.83418       0
 3.8664        0
 3.89862       0
 3.89862       0
 3.93084       0
 3.96306       0
 3.99528       0
 4.0275        0
 4.05972       0
 4.09194       0
 4.12416       0
 4.15638       0
 4.1886        0
 4.22082       1
 4.25304       1
 4.25304       1
 4.28526       2
 4.31748       2
 4.3497        0
 4.38192       0
 4.41414       0
 4.44636       0
 4.47858       0
 4.5108        0
 4.54302       0
 4.57524       0
 4.60746       0
 4.63968       0
 4.63968       0
 4.6719        0
 4.70412       0
 4.73634       0
 4.76856       0
 4.80078       0
 4.833         0
 4.86522       2
 4.89744       4
 4.92966       7
 4.96188       12
 4.9941        14
 4.9941        15
 5.02632       16
 5.05854       18
 5.09076       26
 5.12298       33
 5.1552        37
 5.18742       40
 5.21964       42
 5.25186       44
 5.28408       45
 5.3163        47
 5.3163        48
 5.34852       50
 5.38074       52
 5.41296       53
 5.44518       55
 5.4774        57
 5.50962       59
 5.54184       62
 5.57406       64
 5.60628       66
 5.6385        69
 5.67072       71
 5.67072       74
 5.70294       77
 5.73516       79
 5.76738       82
 5.7996        85
 5.83182       88
 5.86404       91
 5.89626       94
 5.92848       97
 5.9607        101
 5.99292       104
 5.99292       108
 6.02514       111
 6.05736       114
 6.08958       118
 6.1218        121
 6.15402       125
 6.18624       128
 6.21846       132
 6.25068       135
 6.2829        139
 6.31512       142
 6.34734       146
 6.34734       150
 6.37956       153
 6.41178       157
 6.444         161
 6.50844       165
 6.54066       168
 6.57288       172
 6.6051        176
 6.63732       180
 6.66954       184
 6.66954       188
 6.70176       192
 6.73398       196
 6.7662        200
 6.79842       205
 6.83064       209
 6.86286       213
 6.89508       217
 6.9273        221
 6.95952       225
 6.95952       229
 6.99174       234
 7.02396       238
 7.05618       242
 7.0884        246
 7.12062       250
 7.15284       254
 7.18506       258
 7.21728       262
 7.2495        267
 7.28172       271
 7.28172       275
 7.31394       278
 7.34616       282
 7.37838       286
 7.4106        290
 7.44282       294
 7.47504       297
 7.50726       301
 7.53948       305
 7.5717        308
 7.5717        312
 7.60392       315
 7.63614       318
 7.66836       321
 7.70058       324
 7.7328        327
 7.76502       329
 7.79724       332
 7.82946       335
 7.86168       337
 7.8939        339
 7.8939        342
 7.92612       344
 7.95834       346
 7.99056       348
 8.02278       349
 8.055         351
 8.08722       352
 8.11944       354
 8.15166       355
 8.18388       356
 8.18388       357
 8.2161        358
 8.24832       359
 8.28054       359
 8.31276       360
 8.34498       360
 8.3772        360
 8.40942       360
 8.44164       360
 8.47386       360
 8.47386       359
 8.50608       359
 8.5383        358
 8.57052       357
 8.60274       356
 8.63496       355
 8.66718       354
 8.6994        352
 8.73162       351
 8.76384       349
 8.79606       347
 8.79606       344
 8.82828       342
 8.8605        338
 8.89272       335
 8.92494       332
 8.95716       329
 8.98938       326
 9.0216        323
 9.05382       320
 9.05382       316
 9.08604       312
 9.11826       309
 9.15048       304
 9.1827        299
 9.21492       297
 9.24714       290
 9.27936       280
 9.31158       271
 9.3438        262
 9.3438        254
 9.37602       247
 9.40824       240
 9.44046       234
 9.47268       228
 9.5049        222
 9.53712       216
 9.56934       211
 9.60156       205
 9.60156       199
 9.63378       194
 9.666         188
 9.69822       183
 9.76266       178
 9.79488       173
 9.8271        169
 9.85932       165
 9.85932       161
 9.89154       157
 9.92376       154
 9.95598       151
 9.9882        148
 10.02042      146
 10.05264      143
 10.08486      141
 10.11708      140
 10.1493       139
 10.1493       138
 10.18152      138
 10.21374      138
 10.24596      139
 10.27818      140
 10.3104       141
 10.34262      142
 10.37484      143
 10.37484      145
 10.40706      146
 10.43928      148
 10.4715       150
 10.50372      152
 10.53594      155
 10.56816      157
 10.60038      159
 10.6326       162
 10.6326       165
 10.66482      167
 10.69704      170
 10.72926      173
 10.76148      176
 10.7937       179
 10.82592      182
 10.85814      186
 10.89036      189
 10.89036      192
 10.92258      195
 10.9548       199
 10.98702      203
 11.01924      206
 11.05146      210
 11.08368      213
 11.1159       217
 11.14812      221
 11.14812      224
 11.18034      228
 11.21256      232
 11.24478      235
 11.277        239
 11.30922      243
 11.34144      247
 11.37366      250
 11.40588      254
 11.40588      258
 11.4381       262
 11.47032      265
 11.50254      269
 11.53476      273
 11.56698      277
 11.5992       281
 11.63142      285
 11.63142      289
 11.66364      293
 11.69586      297
 11.72808      301
 11.7603       306
 11.79252      310
 11.82474      314
 11.85696      318
 11.85696      322
 11.88918      326
 11.9214       330
 11.95362      334
 11.98584      338
 12.01806      342
 12.05028      346
 12.0825       350
 12.11472      353
 12.11472      358
 12.14694      362
 12.17916      365
 12.21138      369
 12.2436       373
 12.27582      377
 12.30804      380
 12.34026      384
 12.37248      388
 12.37248      391
 12.4047       395
 12.43692      399
 12.46914      402
 12.50136      406
 12.53358      410
 12.5658       413
 12.59802      417
 12.59802      420
 12.63024      423
 12.66246      426
 12.69468      430
 12.7269       433
 12.75912      436
 12.79134      439
 12.82356      442
 12.82356      445
 12.85578      448
 12.888        451
 12.92022      454
 12.95244      456
 12.98466      459
 13.01688      462
 13.0491       464
 13.08132      467
 13.11354      470
 13.14576      472
 13.17798      475
 13.2102       477
 13.24242      479
 13.27464      482
 13.27464      484
 13.30686      486
 13.33908      488
 13.3713       490
 13.40352      492
 13.43574      494
 13.46796      496
 13.46796      498
 13.50018      500
 13.5324       501
 13.56462      503
 13.59684      505
 13.62906      507
 13.66128      508
 13.6935       509
 13.6935       511
 13.72572      512
 13.75794      513
 13.79016      514
 13.82238      514
 13.8546       515
 13.88682      516
 13.91904      516
 13.91904      516
 13.95126      516
 13.98348      516
 14.0157       516
 14.04792      516
 14.08014      516
 14.11236      516
 14.11236      515
 14.14458      515
 14.1768       514
 14.20902      514
 14.24124      513
 14.27346      512
 14.30568      511
 14.30568      510
 14.3379       509
 14.37012      507
 14.40234      506
 14.43456      503
 14.46678      501
 14.499        499
 14.53122      497
 14.53122      494
 14.56344      492
 14.59566      489
 14.62788      486
 14.6601       483
 14.69232      480
 14.72454      476
 14.72454      472
 14.75676      469
 14.78898      464
 14.8212       460
 14.85342      455
 14.88564      450
 14.91786      445
 14.91786      440
 14.95008      434
 14.9823       429
 15.01452      423
 15.04674      417
 15.07896      411
 15.11118      405
 15.11118      398
 15.1434       391
 15.17562      385
 15.20784      378
 15.24006      371
 15.27228      364
 15.3045       357
 15.33672      350
 15.33672      343
 15.36894      336
 15.40116      330
 15.43338      323
 15.4656       317
 15.49782      312
 15.49782      307
 15.53004      302
 15.56226      298
 15.59448      294
 15.6267       291
 15.65892      289
 15.69114      287
 15.72336      285
 15.72336      284
 15.75558      283
 15.7878       283
 15.82002      283
 15.85224      283
 15.88446      283
 15.88446      284
 15.91668      285
 15.9489       286
 15.98112      287
 16.01334      289
 16.04556      290
 16.07778      292
 16.11         294
 16.11         296
 16.14222      298
 16.17444      300
 16.20666      304
 16.2711       306
 16.2711       309
 16.30332      312
 16.33554      314
 16.36776      317
 16.39998      320
 16.4322       323
 16.46442      326
 16.46442      329
 16.49664      332
 16.52886      335
 16.56108      339
 16.5933       342
 16.62552      345
 16.65774      349
 16.65774      352
 16.68996      355
 16.72218      359
 16.7544       362
 16.78662      366
 16.81884      369
 16.81884      372
 16.85106      376
 16.88328      379
 16.9155       383
 16.94772      386
 16.97994      390
 17.01216      393
 17.01216      397
 17.04438      400
 17.0766       405
 17.10882      408
 17.14104      412
 17.17326      415
 17.20548      419
 17.20548      422
 17.2377       425
 17.26992      429
 17.30214      432
 17.33436      436
 17.36658      439
 17.36658      442
 17.3988       446
 17.43102      449
 17.46324      452
 17.49546      456
 17.52768      459
 17.5599       462
 17.5599       465
 17.59212      469
 17.62434      472
 17.65656      475
 17.68878      478
 17.721        481
 17.721        484
 17.75322      487
 17.78544      490
 17.81766      493
 17.84988      496
 17.8821       499
 17.91432      502
 17.91432      506
 17.94654      509
 17.97876      512
 18.01098      515
 18.0432       518
 18.07542      521
 18.07542      523
 18.10764      526
 18.13986      529
 18.17208      532
 18.2043       534
 18.23652      537
 18.23652      540
 18.26874      543
 18.30096      545
 18.33318      548
 18.3654       550
 18.39762      553
 18.42984      556
 18.42984      558
 18.46206      561
 18.49428      563
 18.5265       566
 18.55872      568
 18.59094      570
 18.59094      573
 18.62316      575
 18.65538      578
 18.6876       580
 18.71982      582
 18.75204      584
 18.75204      586
 18.78426      589
 18.81648      591
 18.8487       593
 18.88092      595
 18.91314      597
 18.91314      599
 18.94536      601
 18.97758      603
 19.0098       604
 19.04202      607
 19.07424      609
 19.10646      610
 19.10646      612
 19.13868      613
 19.1709       615
 19.20312      616
 19.23534      618
 19.26756      619
 19.26756      620
 19.29978      622
 19.332        623
 19.36422      624
 19.39644      625
 19.42866      626
 19.42866      627
 19.46088      628
 19.52532      629
 19.55754      629
 19.55754      630
 19.58976      631
 19.62198      631
 19.6542       632
 19.68642      632
 19.71864      633
 19.75086      633
 19.75086      633
 19.78308      633
 19.8153       633
 19.84752      633
 19.87974      633
 19.91196      633
 19.91196      633
 19.94418      632
 19.9764       632
 20.00862      631
 20.04084      631
 20.07306      630
 20.07306      629
 20.10528      628
 20.1375       627
 20.16972      627
 20.20194      626
 20.20194      624
 20.23416      623
 20.26638      622
 20.2986       621
 20.33082      619
 20.36304      618
 20.36304      616
 20.39526      614
 20.42748      613
 20.4597       611
 20.49192      609
 20.52414      607
 20.52414      604
 20.55636      602
 20.58858      600
 20.6208       598
 20.65302      596
 20.68524      594
 20.68524      591
 20.71746      589
 20.74968      586
 20.7819       584
 20.81412      581
 20.81412      579
 20.84634      576
 20.87856      573
 20.91078      570
 20.943        567
 20.97522      564
 20.97522      561
 21.00744      558
 21.03966      555
 21.07188      552
 21.1041       549
 21.1041       546
 21.13632      542
 21.16854      539
 21.20076      536
 21.23298      533
 21.2652       529
 21.2652       526
 21.29742      523
 21.32964      520
 21.36186      516
 21.39408      513
 21.4263       510
 21.4263       508
 21.45852      505
 21.49074      502
 21.52296      499
 21.55518      497
 21.55518      495
 21.5874       493
 21.61962      492
 21.65184      491
 21.68406      489
 21.71628      489
 21.71628      488
 21.7485       488
 21.78072      488
 21.81294      488
 21.84516      488
 21.84516      488
 21.87738      489
 21.9096       489
 21.94182      490
 21.97404      491
 22.00626      493
 22.00626      494
 22.03848      496
 22.0707       498
 22.10292      462
 22.13514      419
 22.13514      382
 22.16736      349
 22.19958      320
 22.2318       295
 22.26402      273
 22.26402      251
 22.29624      233
 22.32846      218
 22.36068      204
 22.3929       192
 22.42512      181
 22.42512      172
 22.45734      163
 22.48956      156
 22.52178      149
 22.554        143
 22.554        138
 22.58622      133
 22.61844      129
 22.65066      128
 22.68288      125
 22.68288      122
 22.7151       119
 22.77954      117
 22.81176      115
 22.81176      113
 22.84398      111
 22.8762       110
 22.90842      109
 22.94064      108
 22.94064      107
 22.97286      107
 23.00508      106
 23.0373       106
 23.06952      105
 23.06952      105
 23.10174      105
 23.13396      104
 23.16618      104
 23.1984       103
 23.1984       103
 23.23062      103
 23.26284      102
 23.29506      102
 23.32728      101
 23.32728      100
 23.3595       99
 23.39172      98
 23.42394      97
 23.45616      96
 23.48838      96
 23.48838      95
 23.5206       94
 23.55282      93
 23.58504      92
 23.61726      91
 23.61726      90
 23.64948      89
 23.6817       88
 23.71392      87
 23.74614      87
 23.74614      86
 23.77836      85
 23.81058      85
 23.8428       84
 23.87502      83
 23.87502      83
 23.90724      82
 23.93946      82
 23.97168      82
 24.0039       82
 24.0039       82
 24.03612      82
 24.06834      81
 24.10056      81
 24.13278      81
 24.13278      81
 24.165        81
 24.19722      81
 24.22944      82
 24.26166      82
 24.26166      82
 24.29388      82
 24.3261       83
 24.35832      83
 24.39054      84
 24.39054      84
 24.42276      84
 24.45498      85
 24.4872       85
 24.4872       86
 24.51942      86
 24.55164      87
 24.58386      87
 24.61608      87
 24.61608      88
 24.6483       88
 24.68052      88
 24.71274      88
 24.74496      89
 24.74496      89
 24.77718      89
 24.8094       89
 24.84162      89
 24.87384      89
 24.87384      89
 24.90606      89
 24.93828      88
 24.9705       88
 24.9705       88
 25.00272      88
 25.03494      87
 25.06716      87
 25.09938      86
 25.09938      86
 25.1316       85
 25.16382      84
 25.19604      83
 25.22826      83
 25.22826      82
 25.26048      81
 25.2927       80
 25.32492      79
 25.35714      78
 25.35714      77
 25.38936      76
 25.42158      76
 25.4538       75
 25.4538       74
 25.48602      73
 25.51824      72
 25.55046      71
 25.58268      71
 25.58268      70
 25.6149       69
 25.64712      68
 25.67934      67
 25.71156      67
 25.71156      66
 25.74378      65
 25.776        64
 25.80822      63
 25.80822      63
 25.84044      62
 25.87266      61
 25.90488      61
 25.9371       60
 25.9371       59
 25.96932      59
 26.03376      58
 26.06598      58
 26.06598      58
 26.0982       58
 26.13042      57
 26.16264      57
 26.16264      57
 26.19486      57
 26.22708      58
 26.2593       58
 26.29152      58
 26.29152      58
 26.32374      59
 26.35596      59
 26.38818      60
 26.4204       60
 26.4204       61
 26.45262      61
 26.48484      62
 26.51706      62
 26.51706      63
 26.54928      64
 26.5815       64
 26.61372      65
 26.64594      66
 26.64594      67
 26.67816      67
 26.71038      68
 26.7426       69
 26.7426       69
 26.77482      70
 26.80704      70
 26.83926      70
 26.83926      71
 26.87148      71
 26.9037       71
 26.93592      71
 26.96814      70
 26.96814      70
 27.00036      69
 27.03258      68
 27.0648       67
 27.0648       66
 27.09702      65
 27.12924      64
 27.16146      63
 27.19368      61
 27.19368      60
 27.2259       59
 27.25812      57
 27.29034      56
 27.29034      55
 27.32256      54
 27.35478      52
 27.387        51
 27.387        50
 27.41922      49
 27.45144      49
 27.48366      48
 27.48366      47
 27.51588      47
 27.5481       46
 27.58032      46
 27.61254      45
 27.61254      45
 27.64476      45
 27.67698      44
 27.7092       44
 27.7092       44
 27.74142      44
 27.77364      44
 27.80586      44
 27.80586      44
 27.83808      44
 27.8703       44
 27.90252      44
 27.90252      44
 27.93474      44
 27.96696      44
 27.99918      44
 27.99918      44
 28.0314       44
 28.06362      44
 28.09584      44
 28.12806      44
