 0             0
 0             0
 0             0
 0             0
 0             0
 0             0
 0             0
 0             0
 0             0
 0             0
 3.222e-002    0
 6.444e-002    0
 6.444e-002    0
 9.666e-002    0
 0.12888       0
 0.1611        0
 0.19332       0
 0.22554       0
 0.22554       0
 0.25776       0
 0.28998       0
 0.3222        0
 0.35442       0
 0.38664       0
 0.38664       0
 0.45108       0
 0.45108       0
 0.4833        0
 0.51552       0
 0.54774       0
 0.57996       0
 0.61218       0
 0.61218       0
 0.6444        0
 0.67662       0
 0.70884       0
 0.74106       0
 0.74106       0
 0.77328       0
 0.8055        0
 0.83772       0
 0.86994       0
 0.90216       0
 0.93438       0
 0.9666        0
 0.99882       0
 0.99882       0
 1.03104       0
 1.06326       0
 1.09548       0
 1.1277        0
 1.15992       0
 1.19214       0
 1.19214       0
 1.22436       0
 1.25658       0
 1.2888        0
 1.32102       0
 1.35324       0
 1.38546       0
 1.41768       0
 1.4499        0
 1.4499        0
 1.51434       0
 1.51434       0
 1.54656       0
 1.57878       0
 1.611         0
 1.64322       0
 1.67544       0
 1.67544       0
 1.70766       0
 1.73988       0
 1.7721        0
 1.80432       0
 1.83654       0
 1.86876       0
 1.90098       0
 1.9332        0
 1.9332        0
 1.99764       0
 1.99764       0
 2.02986       0
 2.06208       0
 2.0943        0
 2.12652       0
 2.15874       0
 2.19096       0
 2.22318       0
 2.22318       0
 2.2554        0
 2.28762       0
 2.31984       0
 2.35206       0
 2.38428       0
 2.4165        0
 2.44872       0
 2.48094       0
 2.48094       0
 2.51316       0
 2.54538       0
 2.5776        0
 2.60982       0
 2.64204       0
 2.67426       0
 2.70648       0
 2.7387        0
 2.77092       0
 2.80314       0
 2.80314       0
 2.83536       0
 2.86758       0
 2.8998        0
 2.93202       0
 2.96424       0
 2.99646       0
 3.02868       0
 3.0609        0
 3.09312       0
 3.12534       0
 3.15756       0
 3.18978       0
 3.18978       0
 3.25422       0
 3.28644       0
 3.31866       0
 3.35088       0
 3.3831        0
 3.41532       0
 3.44754       0
 3.47976       0
 3.47976       0
 3.51198       0
 3.5442        0
 3.57642       0
 3.60864       0
 3.64086       0
 3.67308       0
 3.7053        0
 3.73752       0
 3.76974       0
 3.80196       0
 3.83418       0
 3.83418       0
 3.8664        0
 3.89862       0
 3.93084       0
 3.96306       0
 3.99528       0
 4.0275        0
 4.05972       0
 4.09194       0
 4.12416       0
 4.15638       0
 4.1886        0
 4.22082       0
 4.22082       0
 4.25304       0
 4.28526       0
 4.31748       0
 4.3497        0
 4.38192       0
 4.41414       0
 4.44636       0
 4.47858       0
 4.5108        0
 4.54302       0
 4.54302       0
 4.57524       0
 4.60746       0
 4.63968       0
 4.6719        0
 4.70412       0
 4.73634       0
 4.76856       0
 4.80078       0
 4.833         0
 4.86522       0
 4.89744       0
 4.89744       0
 4.92966       0
 4.96188       0
 4.9941        0
 5.02632       0
 5.05854       1
 5.09076       1
 5.12298       1
 5.1552        1
 5.18742       1
 5.21964       1
 5.21964       1
 5.25186       1
 5.28408       1
 5.3163        1
 5.34852       1
 5.38074       1
 5.41296       2
 5.44518       2
 5.4774        2
 5.50962       3
 5.54184       3
 5.57406       3
 5.60628       4
 5.60628       4
 5.6385        5
 5.67072       5
 5.70294       6
 5.73516       6
 5.76738       7
 5.7996        8
 5.83182       8
 5.86404       9
 5.89626       10
 5.92848       12
 5.92848       14
 5.9607        15
 5.99292       17
 6.02514       17
 6.05736       18
 6.08958       19
 6.1218        20
 6.15402       22
 6.18624       23
 6.21846       24
 6.25068       25
 6.25068       27
 6.2829        28
 6.31512       30
 6.34734       31
 6.37956       33
 6.41178       35
 6.444         37
 6.50844       38
 6.54066       40
 6.54066       42
 6.57288       44
 6.6051        46
 6.63732       48
 6.66954       50
 6.70176       53
 6.73398       55
 6.7662        55
 6.79842       53
 6.83064       53
 6.86286       54
 6.89508       55
 6.89508       57
 6.9273        60
 6.95952       63
 6.99174       65
 7.02396       68
 7.05618       71
 7.0884        74
 7.12062       77
 7.15284       81
 7.18506       84
 7.18506       87
 7.21728       90
 7.2495        93
 7.28172       96
 7.31394       99
 7.34616       103
 7.37838       106
 7.4106        109
 7.44282       111
 7.47504       114
 7.47504       117
 7.50726       119
 7.53948       122
 7.5717        125
 7.60392       127
 7.63614       129
 7.66836       131
 7.70058       134
 7.7328        136
 7.76502       138
 7.79724       140
 7.79724       141
 7.82946       143
 7.86168       145
 7.8939        146
 7.92612       147
 7.95834       149
 7.99056       150
 8.02278       151
 8.055         152
 8.08722       153
 8.08722       154
 8.11944       154
 8.15166       155
 8.18388       155
 8.2161        155
 8.24832       156
 8.28054       156
 8.31276       156
 8.34498       156
 8.34498       155
 8.3772        155
 8.40942       155
 8.44164       154
 8.47386       154
 8.50608       153
 8.5383        152
 8.57052       151
 8.60274       150
 8.63496       149
 8.66718       148
 8.66718       146
 8.6994        145
 8.73162       144
 8.76384       142
 8.79606       140
 8.82828       139
 8.8605        137
 8.89272       135
 8.92494       133
 8.92494       131
 8.95716       129
 8.98938       127
 9.0216        125
 9.05382       122
 9.08604       120
 9.11826       118
 9.15048       115
 9.1827        113
 9.21492       110
 9.21492       108
 9.24714       105
 9.27936       103
 9.31158       99
 9.3438        97
 9.37602       94
 9.40824       92
 9.44046       89
 9.47268       87
 9.47268       84
 9.5049        82
 9.53712       79
 9.56934       77
 9.60156       74
 9.63378       72
 9.666         70
 9.69822       67
 9.73044       65
 9.76266       63
 9.79488       61
 9.8271        59
 9.85932       57
 9.89154       55
 9.92376       53
 9.95598       51
 9.9882        49
 9.9882        47
 10.02042      46
 10.05264      44
 10.08486      43
 10.11708      41
 10.1493       40
 10.18152      39
 10.21374      38
 10.24596      37
 10.24596      36
 10.27818      35
 10.3104       35
 10.34262      34
 10.37484      34
 10.40706      34
 10.43928      34
 10.4715       34
 10.50372      34
 10.50372      35
 10.53594      35
 10.56816      36
 10.60038      37
 10.6326       38
 10.66482      39
 10.69704      40
 10.72926      42
 10.76148      43
 10.7937       45
 10.7937       46
 10.82592      48
 10.85814      50
 10.89036      52
 10.92258      54
 10.9548       56
 10.98702      58
 11.01924      60
 11.01924      63
 11.05146      65
 11.08368      67
 11.1159       70
 11.14812      72
 11.18034      75
 11.21256      78
 11.24478      80
 11.277        83
 11.277        86
 11.30922      89
 11.34144      92
 11.37366      94
 11.40588      97
 11.4381       101
 11.47032      104
 11.50254      107
 11.50254      110
 11.53476      113
 11.56698      116
 11.5992       120
 11.63142      123
 11.66364      126
 11.69586      129
 11.72808      133
 11.72808      136
 11.7603       139
 11.79252      142
 11.82474      146
 11.85696      149
 11.88918      153
 11.9214       156
 11.95362      159
 11.98584      163
 11.98584      166
 12.01806      170
 12.05028      174
 12.0825       177
 12.11472      181
 12.14694      184
 12.17916      187
 12.21138      190
 12.21138      193
 12.2436       196
 12.27582      199
 12.30804      203
 12.34026      206
 12.37248      209
 12.4047       212
 12.43692      215
 12.43692      218
 12.46914      221
 12.50136      224
 12.53358      227
 12.5658       229
 12.59802      232
 12.63024      235
 12.66246      237
 12.69468      240
 12.69468      242
 12.7269       245
 12.75912      247
 12.79134      249
 12.82356      252
 12.85578      254
 12.888        256
 12.92022      258
 12.92022      260
 12.95244      262
 13.01688      264
 13.0491       266
 13.08132      268
 13.11354      270
 13.11354      271
 13.14576      273
 13.17798      275
 13.2102       276
 13.24242      277
 13.27464      279
 13.30686      280
 13.33908      281
 13.33908      282
 13.3713       283
 13.40352      284
 13.43574      285
 13.46796      285
 13.50018      286
 13.5324       286
 13.56462      287
 13.56462      287
 13.59684      287
 13.62906      287
 13.66128      287
 13.6935       287
 13.72572      287
 13.75794      287
 13.79016      286
 13.79016      286
 13.82238      285
 13.8546       284
 13.88682      283
 13.91904      282
 13.95126      280
 13.98348      279
 13.98348      277
 14.0157       275
 14.04792      273
 14.08014      271
 14.11236      269
 14.14458      267
 14.1768       265
 14.20902      262
 14.20902      259
 14.24124      257
 14.27346      254
 14.30568      250
 14.3379       247
 14.37012      244
 14.40234      240
 14.43456      237
 14.43456      233
 14.46678      229
 14.499        226
 14.53122      222
 14.56344      217
 14.59566      213
 14.59566      209
 14.62788      205
 14.6601       199
 14.69232      195
 14.72454      190
 14.75676      186
 14.78898      181
 14.78898      177
 14.8212       172
 14.85342      167
 14.88564      163
 14.91786      158
 14.95008      154
 14.9823       149
 14.9823       144
 15.01452      140
 15.04674      136
 15.07896      131
 15.11118      127
 15.1434       123
 15.17562      119
 15.20784      116
 15.20784      112
 15.24006      109
 15.27228      106
 15.3045       103
 15.33672      100
 15.36894      97
 15.36894      95
 15.40116      93
 15.43338      92
 15.4656       91
 15.49782      90
 15.53004      89
 15.56226      88
 15.59448      88
 15.59448      88
 15.6267       89
 15.65892      89
 15.69114      90
 15.72336      90
 15.75558      91
 15.75558      93
 15.7878       94
 15.82002      95
 15.85224      97
 15.88446      99
 15.91668      101
 15.9489       103
 15.98112      105
 15.98112      107
 16.01334      109
 16.04556      112
 16.07778      114
 16.11         116
 16.14222      119
 16.14222      121
 16.17444      124
 16.20666      126
 16.2711       129
 16.30332      132
 16.33554      135
 16.33554      138
 16.36776      141
 16.39998      144
 16.4322       147
 16.46442      150
 16.49664      153
 16.52886      156
 16.52886      159
 16.56108      162
 16.5933       165
 16.62552      168
 16.65774      171
 16.68996      174
 16.68996      178
 16.72218      181
 16.7544       184
 16.78662      187
 16.81884      191
 16.85106      194
 16.88328      197
 16.88328      201
 16.9155       205
 16.94772      208
 16.97994      211
 17.01216      215
 17.04438      218
 17.0766       221
 17.0766       224
 17.10882      228
 17.14104      231
 17.17326      234
 17.20548      237
 17.2377       240
 17.2377       244
 17.26992      247
 17.30214      250
 17.33436      253
 17.36658      256
 17.3988       259
 17.43102      262
 17.43102      265
 17.46324      268
 17.49546      271
 17.52768      274
 17.5599       276
 17.59212      279
 17.62434      282
 17.62434      285
 17.65656      288
 17.68878      290
 17.721        293
 17.75322      296
 17.78544      298
 17.78544      301
 17.81766      304
 17.84988      307
 17.8821       310
 17.91432      312
 17.94654      315
 17.94654      317
 17.97876      320
 18.01098      322
 18.0432       324
 18.07542      327
 18.10764      329
 18.13986      331
 18.13986      333
 18.17208      336
 18.2043       338
 18.23652      340
 18.26874      342
 18.30096      344
 18.30096      346
 18.33318      348
 18.3654       350
 18.39762      352
 18.42984      354
 18.46206      356
 18.46206      357
 18.49428      359
 18.5265       361
 18.55872      362
 18.59094      364
 18.62316      365
 18.62316      367
 18.65538      368
 18.6876       369
 18.71982      370
 18.75204      372
 18.78426      373
 18.81648      374
 18.81648      375
 18.8487       376
 18.88092      376
 18.91314      377
 18.94536      378
 18.97758      379
 18.97758      379
 19.0098       380
 19.04202      380
 19.07424      380
 19.10646      381
 19.13868      381
 19.1709       381
 19.1709       381
 19.20312      380
 19.23534      380
 19.26756      380
 19.29978      380
 19.332        379
 19.332        378
 19.36422      378
 19.39644      377
 19.42866      376
 19.46088      375
 19.4931       374
 19.52532      373
 19.55754      371
 19.58976      370
 19.62198      368
 19.6542       366
 19.6542       364
 19.68642      362
 19.71864      360
 19.75086      358
 19.78308      356
 19.8153       353
 19.8153       350
 19.84752      347
 19.87974      344
 19.91196      341
 19.94418      337
 19.94418      334
 19.9764       331
 20.00862      328
 20.04084      325
 20.07306      322
 20.10528      319
 20.10528      315
 20.1375       312
 20.16972      308
 20.20194      305
 20.23416      300
 20.26638      297
 20.26638      293
 20.2986       289
 20.33082      285
 20.36304      281
 20.39526      277
 20.42748      273
 20.42748      268
 20.4597       264
 20.49192      260
 20.52414      256
 20.55636      251
 20.58858      247
 20.58858      243
 20.6208       239
 20.65302      235
 20.68524      231
 20.71746      227
 20.74968      224
 20.74968      220
 20.7819       217
 20.81412      214
 20.84634      211
 20.87856      208
 20.87856      206
 20.91078      204
 20.943        202
 20.97522      199
 21.00744      198
 21.03966      197
 21.03966      196
 21.07188      195
 21.1041       195
 21.13632      195
 21.16854      195
 21.20076      195
 21.20076      195
 21.23298      196
 21.2652       197
 21.29742      198
 21.32964      199
 21.32964      200
 21.36186      202
 21.39408      203
 21.4263       205
 21.45852      207
 21.49074      208
 21.49074      210
 21.52296      212
 21.55518      214
 21.5874       216
 21.61962      218
 21.61962      221
 21.65184      223
 21.68406      225
 21.71628      228
 21.7485       230
 21.7485       233
 21.78072      235
 21.81294      238
 21.84516      240
 21.87738      243
 21.9096       245
 21.9096       248
 21.94182      251
 21.97404      253
 22.00626      256
 22.03848      259
 22.03848      261
 22.0707       264
 22.10292      267
 22.13514      270
 22.16736      272
 22.19958      275
 22.19958      278
 22.2318       281
 22.26402      283
 22.29624      286
 22.32846      289
 22.32846      292
 22.36068      294
 22.3929       297
 22.42512      300
 22.45734      303
 22.48956      306
 22.48956      309
 22.52178      312
 22.554        314
 22.58622      317
 22.61844      320
 22.61844      323
 22.65066      325
 22.68288      328
 22.7151       331
 22.77954      333
 22.77954      336
 22.81176      338
 22.84398      341
 22.8762       344
 22.8762       346
 22.90842      349
 22.94064      352
 22.97286      354
 23.00508      357
 23.0373       359
 23.0373       362
 23.06952      364
 23.10174      367
 23.13396      369
 23.16618      372
 23.16618      374
 23.1984       377
 23.23062      379
 23.26284      381
 23.29506      384
 23.29506      386
 23.32728      389
 23.3595       391
 23.39172      393
 23.42394      396
 23.42394      398
 23.45616      400
 23.48838      402
 23.5206       405
 23.55282      408
 23.55282      410
 23.58504      412
 23.61726      414
 23.64948      416
 23.6817       418
 23.71392      420
 23.71392      422
 23.74614      424
 23.77836      426
 23.81058      428
 23.81058      430
 23.8428       432
 23.87502      434
 23.90724      436
 23.93946      438
 23.93946      439
 23.97168      441
 24.0039       443
 24.03612      444
 24.06834      446
 24.06834      448
 24.10056      449
 24.13278      451
 24.165        452
 24.19722      454
 24.22944      455
 24.22944      457
 24.26166      458
 24.29388      459
 24.3261       461
 24.35832      462
 24.35832      463
 24.39054      464
 24.42276      465
 24.45498      467
 24.45498      468
 24.4872       469
 24.51942      470
 24.55164      471
 24.58386      472
 24.58386      473
 24.61608      473
 24.6483       474
 24.68052      475
 24.71274      476
 24.71274      477
 24.74496      478
 24.77718      479
 24.8094       474
 24.84162      423
 24.84162      369
 24.87384      321
 24.90606      279
 24.93828      242
 24.93828      210
 24.9705       181
 25.00272      155
 25.03494      132
 25.06716      112
 25.06716      94
 25.09938      78
 25.1316       64
 25.16382      51
 25.16382      39
 25.19604      29
 25.22826      19
 25.26048      11
 25.2927       3
 25.2927       0
 25.32492      0
 25.35714      0
 25.38936      0
 25.42158      0
 25.42158      0
 25.4538       0
 25.48602      0
 25.51824      0
 25.51824      0
 25.55046      0
 25.58268      0
 25.6149       0
 25.64712      0
 25.64712      0
 25.67934      0
 25.71156      0
 25.74378      0
 25.776        0
 25.776        0
 25.80822      0
 25.84044      0
 25.87266      0
 25.87266      0
 25.90488      0
 25.9371       0
 25.96932      0
 26.00154      0
 26.03376      0
 26.06598      0
 26.0982       0
 26.13042      0
 26.13042      0
 26.16264      0
 26.19486      0
 26.22708      0
 26.22708      0
 26.2593       0
 26.29152      0
 26.32374      0
 26.35596      0
 26.35596      0
 26.38818      0
 26.4204       0
 26.45262      0
 26.45262      0
 26.48484      0
 26.51706      0
 26.54928      0
 26.5815       0
 26.5815       0
 26.61372      0
 26.64594      0
 26.67816      0
 26.67816      0
 26.71038      0
 26.7426       0
 26.77482      0
 26.80704      0
 26.80704      0
 26.83926      0
 26.87148      0
 26.9037       0
 26.93592      0
 26.93592      0
 26.96814      0
 27.00036      0
 27.03258      0
 27.03258      0
 27.0648       0
 27.09702      0
 27.12924      0
 27.12924      0
 27.16146      0
 27.19368      0
 27.2259       0
 27.25812      0
 27.25812      0
 27.29034      0
 27.32256      0
 27.35478      0
 27.35478      0
 27.387        0
 27.41922      0
 27.45144      0
 27.45144      0
 27.48366      0
 27.51588      0
 27.5481       0
 27.5481       0
 27.58032      0
 27.61254      0
 27.64476      0
 27.67698      0
 27.67698      0
 27.7092       0
 27.74142      0
 27.77364      0
 27.77364      0
 27.80586      0
 27.83808      0
 27.8703       0
 27.8703       0
 27.90252      0
 27.93474      0
 27.96696      0
 27.96696      0
 27.99918      0
 28.0314       0
 28.06362      0
 28.09584      0
 28.09584      0
