 0             0
 0             0
 0             0
 0             0
 0             0
 0             0
 0             0
 0             0
 0             0
 0             0
 3.222e-002    0
 6.444e-002    0
 6.444e-002    0
 9.666e-002    0
 0.12888       0
 0.12888       0
 0.1611        0
 0.19332       0
 0.22554       0
 0.25776       0
 0.28998       0
 0.28998       0
 0.35442       0
 0.35442       0
 0.38664       0
 0.41886       0
 0.45108       0
 0.4833        0
 0.51552       0
 0.51552       0
 0.54774       0
 0.57996       0
 0.61218       0
 0.6444        0
 0.67662       0
 0.67662       0
 0.70884       0
 0.74106       0
 0.77328       0
 0.8055        0
 0.83772       0
 0.83772       0
 0.90216       0
 0.90216       0
 0.93438       0
 0.9666        0
 0.99882       0
 1.03104       0
 1.06326       0
 1.06326       0
 1.09548       0
 1.1277        0
 1.15992       0
 1.19214       1
 1.22436       1
 1.25658       1
 1.2888        1
 1.2888        1
 1.32102       1
 1.35324       0
 1.38546       0
 1.41768       0
 1.4499        0
 1.4499        0
 1.51434       0
 1.51434       0
 1.54656       0
 1.57878       0
 1.611         0
 1.64322       0
 1.67544       0
 1.70766       0
 1.70766       0
 1.73988       0
 1.7721        0
 1.80432       0
 1.83654       0
 1.86876       0
 1.90098       0
 1.9332        0
 1.9332        0
 1.96542       0
 1.99764       0
 2.02986       0
 2.06208       0
 2.0943        0
 2.12652       0
 2.15874       0
 2.15874       0
 2.19096       0
 2.22318       0
 2.2554        0
 2.28762       0
 2.31984       0
 2.35206       1
 2.38428       1
 2.4165        1
 2.4165        1
 2.48094       1
 2.48094       2
 2.51316       2
 2.54538       2
 2.5776        3
 2.60982       3
 2.64204       4
 2.67426       4
 2.70648       4
 2.7387        5
 2.7387        5
 2.77092       6
 2.80314       7
 2.83536       7
 2.86758       8
 2.8998        8
 2.93202       9
 2.96424       10
 2.99646       11
 3.02868       11
 3.02868       12
 3.0609        13
 3.09312       14
 3.12534       15
 3.15756       16
 3.18978       17
 3.25422       17
 3.25422       18
 3.28644       19
 3.31866       20
 3.35088       21
 3.3831        23
 3.41532       24
 3.44754       25
 3.47976       26
 3.51198       27
 3.5442        28
 3.57642       29
 3.57642       30
 3.60864       31
 3.64086       33
 3.67308       34
 3.7053        35
 3.73752       36
 3.76974       37
 3.80196       39
 3.83418       40
 3.8664        41
 3.89862       42
 3.89862       44
 3.93084       45
 3.96306       46
 3.99528       47
 4.0275        49
 4.05972       50
 4.09194       51
 4.12416       53
 4.15638       54
 4.15638       55
 4.1886        57
 4.22082       58
 4.25304       59
 4.28526       60
 4.31748       62
 4.3497        63
 4.38192       64
 4.41414       66
 4.44636       67
 4.47858       69
 4.5108        70
 4.54302       71
 4.54302       73
 4.57524       74
 4.60746       75
 4.63968       77
 4.6719        78
 4.70412       80
 4.73634       81
 4.76856       82
 4.80078       84
 4.80078       85
 4.833         86
 4.86522       88
 4.89744       89
 4.92966       91
 4.96188       92
 4.9941        93
 5.02632       95
 5.05854       96
 5.09076       98
 5.12298       99
 5.12298       101
 5.1552        103
 5.18742       104
 5.21964       105
 5.25186       107
 5.28408       108
 5.3163        110
 5.34852       111
 5.38074       112
 5.38074       114
 5.41296       115
 5.44518       117
 5.4774        118
 5.50962       119
 5.54184       121
 5.57406       122
 5.60628       124
 5.6385        125
 5.67072       126
 5.70294       128
 5.70294       129
 5.73516       131
 5.76738       132
 5.7996        134
 5.83182       135
 5.86404       136
 5.89626       138
 5.92848       139
 5.9607        141
 5.99292       142
 5.99292       144
 6.02514       145
 6.05736       146
 6.08958       148
 6.1218        149
 6.15402       151
 6.18624       152
 6.21846       154
 6.25068       155
 6.25068       156
 6.31512       158
 6.31512       159
 6.34734       161
 6.37956       162
 6.41178       163
 6.444         165
 6.50844       166
 6.54066       168
 6.54066       169
 6.57288       171
 6.6051        172
 6.63732       173
 6.66954       175
 6.70176       176
 6.73398       178
 6.7662        179
 6.79842       181
 6.83064       182
 6.83064       183
 6.86286       185
 6.89508       186
 6.9273        188
 6.95952       189
 6.99174       190
 7.02396       192
 7.05618       193
 7.0884        195
 7.0884        196
 7.12062       197
 7.15284       199
 7.18506       200
 7.21728       202
 7.2495        204
 7.28172       205
 7.31394       207
 7.34616       208
 7.34616       209
 7.37838       211
 7.4106        212
 7.44282       213
 7.47504       215
 7.50726       216
 7.53948       217
 7.5717        219
 7.60392       220
 7.63614       222
 7.63614       223
 7.66836       224
 7.70058       226
 7.7328        227
 7.76502       228
 7.79724       229
 7.82946       231
 7.86168       232
 7.8939        233
 7.8939        235
 7.92612       236
 7.95834       237
 7.99056       239
 8.02278       240
 8.055         241
 8.08722       243
 8.11944       244
 8.15166       245
 8.15166       246
 8.18388       248
 8.2161        249
 8.24832       250
 8.28054       251
 8.31276       253
 8.34498       254
 8.3772        255
 8.3772        257
 8.40942       258
 8.44164       259
 8.47386       260
 8.50608       262
 8.5383        263
 8.57052       264
 8.60274       265
 8.63496       267
 8.63496       268
 8.66718       269
 8.6994        270
 8.73162       272
 8.76384       273
 8.79606       274
 8.82828       276
 8.8605        277
 8.8605        278
 8.89272       279
 8.92494       281
 8.95716       282
 8.98938       283
 9.0216        284
 9.05382       286
 9.08604       287
 9.11826       288
 9.11826       289
 9.15048       291
 9.1827        292
 9.21492       293
 9.24714       294
 9.27936       296
 9.31158       297
 9.3438        298
 9.3438        300
 9.37602       301
 9.40824       303
 9.44046       304
 9.47268       305
 9.5049        307
 9.53712       308
 9.56934       309
 9.60156       310
 9.60156       312
 9.63378       313
 9.666         314
 9.69822       315
 9.76266       317
 9.79488       318
 9.79488       319
 9.8271        320
 9.85932       322
 9.89154       323
 9.92376       324
 9.95598       325
 9.9882        327
 10.02042      328
 10.02042      329
 10.05264      331
 10.08486      332
 10.11708      333
 10.1493       334
 10.18152      336
 10.21374      337
 10.24596      338
 10.27818      339
 10.27818      341
 10.3104       342
 10.34262      343
 10.37484      344
 10.40706      346
 10.43928      347
 10.4715       348
 10.4715       349
 10.50372      351
 10.53594      352
 10.56816      353
 10.60038      355
 10.6326       356
 10.66482      357
 10.69704      358
 10.69704      360
 10.72926      361
 10.76148      362
 10.7937       363
 10.82592      365
 10.85814      366
 10.89036      367
 10.89036      368
 10.92258      370
 10.9548       371
 10.98702      372
 11.01924      374
 11.05146      375
 11.08368      376
 11.1159       377
 11.1159       379
 11.14812      380
 11.18034      381
 11.21256      382
 11.24478      384
 11.277        385
 11.30922      386
 11.34144      388
 11.34144      389
 11.37366      390
 11.40588      391
 11.4381       393
 11.47032      394
 11.50254      395
 11.53476      396
 11.53476      398
 11.56698      399
 11.5992       400
 11.63142      402
 11.66364      404
 11.69586      405
 11.72808      406
 11.7603       408
 11.7603       409
 11.79252      410
 11.82474      411
 11.85696      413
 11.88918      414
 11.9214       415
 11.95362      417
 11.95362      418
 11.98584      419
 12.01806      420
 12.05028      422
 12.0825       423
 12.11472      424
 12.14694      425
 12.14694      427
 12.17916      428
 12.21138      429
 12.2436       431
 12.27582      432
 12.30804      433
 12.34026      435
 12.37248      436
 12.37248      437
 12.4047       439
 12.43692      440
 12.46914      441
 12.50136      442
 12.53358      444
 12.5658       445
 12.5658       446
 12.59802      448
 12.63024      449
 12.66246      450
 12.69468      451
 12.7269       453
 12.75912      454
 12.75912      455
 12.79134      457
 12.82356      458
 12.85578      459
 12.888        460
 12.92022      462
 12.95244      463
 12.95244      464
 13.01688      466
 13.0491       467
 13.08132      468
 13.11354      469
 13.14576      471
 13.14576      472
 13.17798      473
 13.2102       475
 13.24242      476
 13.27464      477
 13.30686      478
 13.33908      480
 13.33908      481
 13.3713       482
 13.40352      483
 13.43574      485
 13.46796      486
 13.50018      487
 13.5324       488
 13.5324       490
 13.56462      491
 13.59684      492
 13.62906      493
 13.66128      495
 13.6935       496
 13.6935       497
 13.72572      498
 13.75794      499
 13.79016      501
 13.82238      502
 13.8546       503
 13.88682      505
 13.88682      506
 13.91904      507
 13.95126      509
 13.98348      510
 14.0157       511
 14.04792      512
 14.08014      513
 14.08014      515
 14.11236      516
 14.14458      517
 14.1768       518
 14.20902      519
 14.24124      520
 14.24124      521
 14.27346      522
 14.30568      524
 14.3379       525
 14.37012      526
 14.40234      527
 14.43456      528
 14.43456      529
 14.46678      530
 14.499        531
 14.53122      532
 14.56344      533
 14.56344      534
 14.59566      536
 14.62788      537
 14.6601       538
 14.69232      539
 14.72454      540
 14.72454      541
 14.75676      542
 14.78898      543
 14.8212       544
 14.85342      545
 14.88564      546
 14.91786      547
 14.91786      548
 14.95008      549
 14.9823       550
 15.01452      518
 15.01452      477
 15.04674      441
 15.04674      409
 15.07896      381
 15.11118      357
 15.1434       335
 15.17562      316
 15.17562      299
 15.20784      284
 15.24006      271
 15.27228      260
 15.3045       250
 15.3045       241
 15.33672      233
 15.36894      226
 15.40116      220
 15.43338      215
 15.4656       210
 15.4656       206
 15.49782      202
 15.53004      198
 15.56226      196
 15.59448      193
 15.59448      191
 15.6267       190
 15.65892      188
 15.69114      187
 15.72336      186
 15.72336      185
 15.75558      184
 15.7878       183
 15.82002      182
 15.85224      182
 15.88446      181
 15.88446      181
 15.91668      181
 15.9489       180
 15.98112      180
 16.01334      180
 16.01334      180
 16.04556      180
 16.07778      180
 16.11         180
 16.14222      180
 16.17444      180
 16.17444      180
 16.20666      180
 16.2711       180
 16.30332      180
 16.33554      180
 16.33554      180
 16.36776      180
 16.39998      180
 16.4322       180
 16.46442      180
 16.46442      180
 16.49664      180
 16.52886      181
 16.56108      181
 16.5933       181
 16.5933       181
 16.62552      181
 16.65774      181
 16.68996      181
 16.72218      182
 16.72218      182
 16.7544       182
 16.78662      182
 16.81884      183
 16.85106      183
 16.85106      183
 16.88328      184
 16.9155       184
 16.94772      185
 16.97994      185
 17.01216      185
 17.01216      186
 17.04438      186
 17.0766       186
 17.10882      187
 17.14104      187
 17.14104      187
 17.17326      188
 17.20548      188
 17.2377       188
 17.26992      188
 17.26992      189
 17.30214      189
 17.33436      189
 17.36658      189
 17.3988       189
 17.43102      189
 17.43102      189
 17.46324      189
 17.49546      189
 17.52768      189
 17.5599       189
 17.5599       189
 17.59212      188
 17.62434      188
 17.65656      188
 17.68878      188
 17.68878      188
 17.721        188
 17.75322      187
 17.78544      187
 17.81766      187
 17.81766      187
 17.84988      187
 17.8821       187
 17.91432      187
 17.94654      187
 17.94654      187
 17.97876      187
 18.01098      187
 18.0432       187
 18.07542      187
 18.07542      187
 18.10764      187
 18.13986      187
 18.17208      187
 18.2043       187
 18.2043       187
 18.23652      187
 18.26874      186
 18.30096      184
 18.33318      181
 18.33318      177
 18.3654       174
 18.39762      172
 18.42984      170
 18.46206      169
 18.46206      167
 18.49428      166
 18.5265       165
 18.55872      165
 18.59094      164
 18.59094      164
 18.62316      164
 18.65538      164
 18.6876       164
 18.71982      164
 18.71982      164
 18.75204      164
 18.78426      165
 18.81648      165
 18.8487       165
 18.8487       165
 18.88092      166
 18.91314      166
 18.94536      166
 18.97758      167
 18.97758      167
 19.0098       167
 19.04202      167
 19.07424      167
 19.10646      167
 19.10646      167
 19.13868      168
 19.1709       168
 19.20312      168
 19.20312      167
 19.23534      167
 19.26756      167
 19.29978      167
 19.332        167
 19.36422      167
 19.36422      167
 19.39644      167
 19.42866      167
 19.46088      166
 19.4931       166
 19.52532      166
 19.55754      166
 19.58976      166
 19.58976      165
 19.62198      165
 19.6542       165
 19.68642      165
 19.71864      165
 19.71864      165
 19.75086      165
 19.78308      165
 19.8153       165
 19.8153       165
 19.84752      165
 19.87974      165
 19.91196      165
 19.94418      165
 19.94418      165
 19.9764       166
 20.00862      166
 20.04084      166
 20.07306      166
 20.07306      167
 20.10528      167
 20.1375       167
 20.16972      167
 20.20194      168
 20.20194      168
 20.23416      168
 20.26638      168
 20.2986       169
 20.33082      169
 20.33082      169
 20.36304      169
 20.39526      169
 20.42748      169
 20.42748      169
 20.4597       169
 20.49192      169
 20.52414      169
 20.55636      169
 20.55636      169
 20.58858      169
 20.6208       169
 20.65302      169
 20.68524      169
 20.68524      169
 20.71746      169
 20.74968      169
 20.7819       169
 20.7819       169
 20.81412      169
 20.84634      169
 20.87856      169
 20.87856      169
 20.91078      169
 20.943        169
 20.97522      169
 21.00744      169
 21.00744      169
 21.03966      168
 21.07188      168
 21.1041       168
 21.1041       168
 21.13632      168
 21.16854      168
 21.20076      168
 21.23298      168
 21.23298      168
 21.2652       168
 21.29742      168
 21.32964      168
 21.32964      168
 21.36186      168
 21.39408      168
 21.4263       168
 21.45852      167
 21.45852      167
 21.49074      168
 21.52296      167
 21.55518      167
 21.55518      168
 21.5874       167
 21.61962      168
 21.65184      168
 21.68406      168
 21.68406      168
 21.71628      168
 21.7485       168
 21.78072      168
 21.78072      168
 21.81294      168
 21.84516      168
 21.87738      168
 21.87738      168
 21.9096       168
 21.94182      168
 21.97404      168
 22.00626      168
 22.00626      168
 22.03848      168
 22.0707       168
 22.10292      168
 22.10292      168
 22.13514      168
 22.16736      168
 22.19958      168
 22.2318       168
 22.2318       168
 22.26402      169
 22.29624      169
 22.32846      169
 22.32846      169
 22.36068      169
 22.3929       169
 22.42512      169
 22.42512      169
 22.45734      169
 22.48956      169
 22.52178      169
 22.52178      169
 22.554        169
 22.58622      169
 22.61844      169
 22.65066      169
 22.65066      169
 22.68288      169
 22.7151       169
 22.74732      169
 22.77954      169
 22.81176      169
 22.84398      169
 22.84398      169
 22.8762       170
 22.90842      170
 22.94064      170
 22.94064      170
 22.97286      170
 23.00508      170
 23.0373       170
 23.0373       170
 23.06952      170
 23.10174      170
 23.13396      171
 23.13396      171
 23.16618      171
 23.1984       171
 23.23062      171
 23.23062      171
 23.26284      171
 23.29506      171
 23.32728      172
 23.32728      172
 23.3595       172
 23.39172      172
 23.42394      172
 23.42394      172
 23.45616      172
 23.48838      173
 23.5206       173
 23.55282      173
 23.55282      173
 23.58504      173
 23.61726      173
 23.64948      174
 23.64948      174
 23.6817       174
 23.71392      174
 23.71392      174
 23.74614      174
 23.77836      174
 23.81058      174
 23.8428       175
 23.8428       175
 23.87502      175
 23.90724      175
 23.93946      175
 23.93946      175
 23.97168      175
 24.0039       175
 24.03612      175
 24.03612      175
 24.06834      175
 24.10056      175
 24.10056      175
 24.13278      175
 24.165        175
 24.19722      175
 24.19722      175
 24.22944      175
 24.26166      175
 24.29388      175
 24.29388      175
 24.3261       175
 24.35832      175
 24.39054      175
 24.39054      175
 24.42276      175
 24.45498      175
 24.4872       175
 24.4872       175
 24.51942      175
 24.55164      175
 24.58386      175
 24.58386      175
 24.61608      175
 24.6483       175
 24.68052      175
 24.68052      175
 24.71274      175
 24.74496      175
 24.77718      175
 24.77718      175
 24.8094       175
 24.84162      175
 24.84162      175
 24.87384      175
 24.90606      175
 24.93828      175
 24.93828      175
 24.9705       175
 25.00272      175
 25.03494      175
 25.03494      175
 25.06716      175
 25.09938      175
 25.09938      175
 25.1316       175
 25.16382      176
 25.19604      176
 25.19604      176
 25.22826      176
 25.26048      176
 25.2927       176
 25.2927       176
 25.32492      177
 25.35714      177
 25.38936      177
 25.38936      177
 25.42158      177
 25.4538       178
 25.4538       178
 25.48602      178
 25.51824      178
 25.55046      178
 25.55046      179
 25.58268      179
 25.6149       179
 25.64712      179
 25.64712      179
 25.67934      179
 25.71156      179
 25.74378      180
 25.74378      180
 25.776        180
 25.80822      180
 25.84044      180
 25.84044      180
 25.87266      180
 25.90488      180
 25.90488      180
 25.9371       180
 25.96932      180
 26.00154      180
 26.03376      180
 26.06598      180
 26.0982       180
 26.0982       180
 26.13042      180
 26.16264      180
 26.16264      180
 26.19486      180
 26.22708      180
 26.2593       180
 26.2593       180
 26.29152      180
 26.32374      180
 26.32374      180
 26.35596      180
 26.38818      180
 26.4204       180
 26.4204       180
 26.45262      179
 26.48484      179
 26.51706      179
 26.51706      179
 26.54928      179
 26.5815       179
 26.5815       179
 26.61372      179
 26.64594      179
 26.67816      179
 26.67816      179
 26.71038      179
 26.7426       179
 26.77482      179
 26.77482      179
 26.80704      179
 26.83926      179
 26.83926      179
 26.87148      179
 26.9037       179
 26.93592      179
 26.93592      180
 26.96814      180
 27.00036      180
 27.00036      180
 27.03258      180
 27.0648       180
 27.09702      180
 27.09702      180
 27.12924      180
 27.16146      180
 27.16146      180
