 0             0
 0             0
 0             0
 0             0
 0             0
 0             0
 0             0
 0             0
 0             0
 0             0
 3.222e-002    0
 6.444e-002    0
 6.444e-002    0
 9.666e-002    0
 0.12888       0
 0.1611        0
 0.1611        0
 0.22554       0
 0.22554       0
 0.25776       0
 0.28998       0
 0.28998       0
 0.35442       0
 0.35442       0
 0.38664       0
 0.41886       0
 0.45108       0
 0.45108       0
 0.51552       0
 0.51552       0
 0.54774       0
 0.57996       0
 0.61218       0
 0.6444        0
 0.67662       0
 0.67662       0
 0.70884       0
 0.74106       0
 0.77328       0
 0.8055        0
 0.83772       0
 0.86994       0
 0.90216       0
 0.90216       0
 0.93438       0
 0.9666        0
 0.99882       0
 1.03104       0
 1.06326       0
 1.09548       0
 1.09548       0
 1.15992       0
 1.15992       0
 1.19214       0
 1.22436       0
 1.25658       0
 1.2888        0
 1.32102       0
 1.32102       0
 1.35324       0
 1.38546       0
 1.41768       0
 1.4499        0
 1.48212       0
 1.48212       0
 1.54656       0
 1.54656       0
 1.57878       0
 1.611         0
 1.64322       0
 1.67544       0
 1.70766       0
 1.70766       0
 1.7721        0
 1.7721        0
 1.80432       0
 1.83654       0
 1.86876       0
 1.90098       0
 1.9332        0
 1.96542       0
 1.96542       0
 2.02986       0
 2.02986       0
 2.06208       0
 2.0943        0
 2.12652       0
 2.15874       0
 2.19096       0
 2.19096       0
 2.2554        0
 2.2554        0
 2.28762       0
 2.31984       0
 2.35206       0
 2.38428       0
 2.4165        0
 2.44872       0
 2.48094       0
 2.51316       0
 2.51316       0
 2.54538       0
 2.5776        0
 2.60982       0
 2.64204       1
 2.67426       1
 2.70648       1
 2.7387        1
 2.77092       1
 2.77092       1
 2.80314       2
 2.83536       2
 2.86758       2
 2.8998        2
 2.93202       3
 2.96424       3
 2.99646       3
 3.02868       4
 3.0609        4
 3.0609        4
 3.09312       5
 3.12534       5
 3.15756       5
 3.18978       6
 3.25422       6
 3.28644       7
 3.28644       7
 3.35088       8
 3.35088       8
 3.3831        9
 3.41532       9
 3.44754       10
 3.47976       10
 3.51198       11
 3.5442        12
 3.57642       12
 3.60864       13
 3.60864       13
 3.64086       14
 3.67308       15
 3.7053        15
 3.73752       16
 3.76974       17
 3.80196       18
 3.83418       18
 3.8664        19
 3.89862       20
 3.93084       21
 3.93084       22
 3.96306       22
 3.99528       23
 4.0275        24
 4.05972       25
 4.09194       26
 4.12416       27
 4.15638       28
 4.1886        29
 4.1886        30
 4.22082       31
 4.25304       32
 4.28526       33
 4.31748       34
 4.3497        35
 4.38192       36
 4.41414       37
 4.44636       38
 4.47858       39
 4.5108        40
 4.5108        41
 4.54302       42
 4.57524       44
 4.60746       45
 4.63968       46
 4.6719        47
 4.70412       48
 4.73634       49
 4.76856       51
 4.80078       52
 4.833         53
 4.833         54
 4.86522       55
 4.89744       57
 4.92966       58
 4.96188       59
 4.9941        60
 5.02632       62
 5.05854       63
 5.09076       64
 5.09076       66
 5.12298       67
 5.1552        68
 5.18742       70
 5.21964       71
 5.25186       72
 5.28408       74
 5.3163        75
 5.34852       76
 5.38074       78
 5.41296       79
 5.41296       80
 5.44518       82
 5.4774        83
 5.50962       84
 5.54184       86
 5.57406       87
 5.60628       89
 5.6385        90
 5.67072       92
 5.70294       93
 5.73516       94
 5.73516       96
 5.76738       97
 5.7996        99
 5.83182       101
 5.86404       102
 5.89626       104
 5.92848       105
 5.9607        107
 5.99292       108
 5.99292       109
 6.02514       111
 6.05736       112
 6.08958       114
 6.1218        115
 6.15402       117
 6.18624       118
 6.21846       120
 6.25068       121
 6.2829        123
 6.2829        124
 6.31512       125
 6.34734       127
 6.37956       128
 6.41178       130
 6.444         131
 6.50844       133
 6.54066       134
 6.54066       136
 6.57288       137
 6.6051        139
 6.63732       140
 6.66954       142
 6.70176       143
 6.73398       145
 6.7662        146
 6.79842       148
 6.79842       149
 6.83064       151
 6.86286       152
 6.89508       154
 6.9273        155
 6.95952       156
 6.99174       158
 7.02396       159
 7.05618       161
 7.05618       162
 7.0884        164
 7.12062       165
 7.15284       167
 7.18506       168
 7.21728       170
 7.2495        171
 7.28172       172
 7.31394       174
 7.34616       175
 7.34616       176
 7.37838       178
 7.4106        179
 7.44282       180
 7.47504       182
 7.50726       183
 7.53948       184
 7.5717        185
 7.60392       186
 7.60392       188
 7.63614       189
 7.66836       190
 7.70058       191
 7.7328        192
 7.76502       193
 7.79724       194
 7.82946       195
 7.86168       196
 7.86168       197
 7.8939        198
 7.92612       199
 7.95834       200
 7.99056       202
 8.02278       203
 8.055         203
 8.08722       204
 8.11944       205
 8.11944       206
 8.15166       207
 8.18388       207
 8.2161        208
 8.24832       209
 8.28054       210
 8.31276       210
 8.34498       211
 8.34498       212
 8.3772        212
 8.40942       213
 8.44164       213
 8.47386       214
 8.50608       214
 8.5383        215
 8.57052       216
 8.60274       216
 8.60274       217
 8.63496       217
 8.66718       217
 8.6994        218
 8.73162       218
 8.76384       219
 8.79606       219
 8.82828       219
 8.82828       220
 8.8605        220
 8.89272       220
 8.92494       220
 8.95716       221
 8.98938       221
 9.0216        221
 9.05382       221
 9.08604       221
 9.08604       221
 9.11826       221
 9.15048       221
 9.1827        221
 9.21492       221
 9.24714       221
 9.27936       221
 9.31158       220
 9.31158       220
 9.3438        220
 9.37602       220
 9.40824       219
 9.44046       219
 9.47268       218
 9.5049        218
 9.53712       217
 9.53712       217
 9.56934       216
 9.60156       215
 9.63378       214
 9.666         214
 9.69822       213
 9.76266       212
 9.76266       211
 9.79488       209
 9.8271        208
 9.85932       207
 9.89154       205
 9.92376       204
 9.95598       202
 9.9882        200
 9.9882        198
 10.02042      196
 10.05264      194
 10.08486      192
 10.11708      190
 10.1493       187
 10.18152      185
 10.21374      182
 10.21374      179
 10.24596      176
 10.27818      173
 10.3104       170
 10.34262      167
 10.37484      164
 10.40706      162
 10.43928      160
 10.43928      158
 10.4715       156
 10.50372      154
 10.53594      153
 10.56816      152
 10.60038      151
 10.6326       151
 10.6326       150
 10.66482      150
 10.69704      150
 10.72926      150
 10.76148      150
 10.7937       150
 10.82592      150
 10.85814      150
 10.85814      151
 10.89036      151
 10.92258      152
 10.9548       152
 10.98702      153
 11.01924      154
 11.05146      154
 11.08368      155
 11.08368      156
 11.1159       157
 11.14812      158
 11.18034      159
 11.21256      160
 11.24478      161
 11.277        162
 11.277        163
 11.30922      164
 11.34144      165
 11.37366      166
 11.40588      167
 11.4381       168
 11.47032      169
 11.50254      171
 11.50254      172
 11.53476      173
 11.56698      174
 11.5992       175
 11.63142      176
 11.66364      178
 11.69586      179
 11.69586      180
 11.72808      181
 11.7603       183
 11.79252      184
 11.82474      185
 11.85696      186
 11.88918      187
 11.88918      189
 11.9214       190
 11.95362      191
 11.98584      192
 12.01806      194
 12.05028      195
 12.0825       196
 12.11472      197
 12.11472      199
 12.14694      200
 12.17916      202
 12.21138      203
 12.2436       204
 12.27582      206
 12.30804      207
 12.30804      208
 12.34026      209
 12.37248      210
 12.4047       212
 12.43692      213
 12.46914      214
 12.50136      215
 12.50136      216
 12.53358      217
 12.5658       219
 12.59802      220
 12.63024      221
 12.66246      222
 12.69468      223
 12.69468      224
 12.7269       226
 12.75912      227
 12.79134      228
 12.82356      229
 12.85578      230
 12.888        231
 12.888        232
 12.92022      233
 12.95244      235
 13.01688      236
 13.0491       237
 13.08132      238
 13.08132      239
 13.11354      240
 13.14576      241
 13.17798      242
 13.2102       243
 13.24242      244
 13.27464      245
 13.30686      246
 13.30686      247
 13.33908      248
 13.3713       249
 13.40352      250
 13.43574      251
 13.46796      253
 13.46796      254
 13.50018      255
 13.5324       256
 13.56462      257
 13.59684      258
 13.62906      259
 13.66128      260
 13.66128      261
 13.6935       262
 13.72572      263
 13.75794      264
 13.79016      265
 13.82238      266
 13.8546       267
 13.8546       268
 13.88682      269
 13.91904      270
 13.95126      271
 13.98348      272
 14.0157       273
 14.0157       274
 14.04792      275
 14.08014      276
 14.11236      277
 14.14458      278
 14.1768       279
 14.20902      280
 14.20902      281
 14.24124      282
 14.27346      283
 14.30568      284
 14.3379       285
 14.37012      286
 14.40234      287
 14.40234      288
 14.43456      289
 14.46678      289
 14.499        290
 14.53122      291
 14.53122      292
 14.56344      293
 14.59566      294
 14.62788      295
 14.6601       296
 14.69232      297
 14.72454      297
 14.72454      298
 14.75676      299
 14.78898      300
 14.8212       301
 14.85342      302
 14.88564      303
 14.88564      304
 14.91786      305
 14.95008      305
 14.9823       306
 15.01452      307
 15.04674      308
 15.07896      309
 15.07896      309
 15.11118      310
 15.1434       311
 15.17562      311
 15.20784      312
 15.24006      313
 15.24006      313
 15.27228      314
 15.3045       315
 15.33672      315
 15.36894      316
 15.40116      316
 15.40116      317
 15.43338      318
 15.4656       318
 15.49782      319
 15.53004      319
 15.56226      320
 15.56226      320
 15.59448      321
 15.6267       321
 15.65892      322
 15.69114      322
 15.72336      323
 15.72336      323
 15.75558      323
 15.7878       324
 15.82002      324
 15.85224      325
 15.88446      325
 15.91668      325
 15.91668      326
 15.9489       326
 15.98112      326
 16.01334      327
 16.04556      327
 16.07778      327
 16.07778      327
 16.11         327
 16.14222      328
 16.17444      328
 16.20666      328
 16.23888      328
 16.2711       328
 16.30332      328
 16.33554      328
 16.36776      328
 16.39998      328
 16.39998      328
 16.4322       328
 16.46442      328
 16.49664      328
 16.52886      328
 16.56108      328
 16.56108      328
 16.5933       328
 16.62552      328
 16.65774      328
 16.68996      327
 16.68996      327
 16.72218      327
 16.7544       327
 16.78662      326
 16.81884      326
 16.85106      326
 16.85106      325
 16.88328      325
 16.9155       324
 16.94772      324
 16.97994      323
 17.01216      323
 17.01216      322
 17.04438      322
 17.0766       321
 17.10882      320
 17.14104      319
 17.17326      319
 17.17326      318
 17.20548      317
 17.2377       316
 17.26992      315
 17.30214      314
 17.33436      313
 17.33436      312
 17.36658      311
 17.3988       310
 17.43102      309
 17.46324      307
 17.46324      306
 17.49546      304
 17.52768      303
 17.5599       301
 17.59212      299
 17.62434      298
 17.62434      296
 17.65656      294
 17.68878      293
 17.721        291
 17.75322      289
 17.78544      288
 17.78544      287
 17.81766      286
 17.84988      284
 17.8821       284
 17.91432      283
 17.91432      282
 17.94654      282
 17.97876      281
 18.01098      281
 18.0432       281
 18.07542      280
 18.07542      280
 18.10764      280
 18.13986      280
 18.17208      280
 18.2043       281
 18.23652      281
 18.23652      281
 18.26874      282
 18.30096      282
 18.33318      283
 18.3654       283
 18.3654       284
 18.39762      284
 18.42984      285
 18.46206      286
 18.49428      286
 18.5265       287
 18.5265       288
 18.55872      288
 18.59094      289
 18.62316      290
 18.65538      291
 18.65538      291
 18.6876       292
 18.71982      293
 18.75204      294
 18.78426      295
 18.81648      295
 18.81648      296
 18.8487       297
 18.88092      298
 18.91314      299
 18.94536      300
 18.94536      301
 18.97758      303
 19.0098       303
 19.04202      304
 19.07424      305
 19.10646      306
 19.10646      307
 19.13868      308
 19.1709       309
 19.20312      310
 19.20312      311
 19.23534      312
 19.26756      313
 19.29978      314
 19.332        314
 19.36422      315
 19.36422      316
 19.39644      317
 19.42866      318
 19.46088      319
 19.4931       320
 19.52532      321
 19.55754      322
 19.58976      323
 19.62198      324
 19.6542       325
 19.6542       326
 19.68642      327
 19.71864      327
 19.75086      328
 19.78308      329
 19.78308      330
 19.8153       331
 19.84752      332
 19.87974      333
 19.91196      334
 19.94418      335
 19.94418      336
 19.9764       337
 20.00862      338
 20.04084      338
 20.07306      339
 20.07306      340
 20.10528      341
 20.1375       342
 20.16972      343
 20.20194      344
 20.20194      344
 20.23416      345
 20.26638      346
 20.2986       347
 20.33082      348
 20.33082      348
 20.36304      349
 20.39526      350
 20.42748      351
 20.4597       352
 20.4597       352
 20.49192      353
 20.52414      354
 20.55636      355
 20.58858      356
 20.58858      356
 20.6208       357
 20.65302      358
 20.68524      359
 20.71746      359
 20.71746      360
 20.74968      361
 20.7819       361
 20.81412      362
 20.84634      363
 20.84634      363
 20.87856      364
 20.91078      365
 20.943        366
 20.97522      366
 20.97522      367
 21.00744      368
 21.03966      368
 21.07188      369
 21.1041       370
 21.1041       370
 21.13632      371
 21.16854      372
 21.20076      372
 21.23298      373
 21.23298      374
 21.2652       374
 21.29742      375
 21.32964      375
 21.36186      376
 21.36186      377
 21.39408      377
 21.4263       378
 21.45852      379
 21.49074      379
 21.49074      380
 21.52296      380
 21.55518      381
 21.5874       382
 21.61962      382
 21.61962      383
 21.65184      383
 21.68406      384
 21.71628      384
 21.71628      385
 21.7485       386
 21.78072      386
 21.81294      387
 21.84516      387
 21.84516      388
 21.87738      388
 21.9096       389
 21.94182      389
 21.97404      390
 21.97404      390
 22.00626      391
 22.03848      391
 22.0707       392
 22.0707       392
 22.10292      393
 22.13514      393
 22.16736      394
 22.19958      395
 22.19958      395
 22.2318       396
 22.26402      396
 22.29624      397
 22.32846      397
 22.32846      398
 22.36068      398
 22.3929       399
 22.42512      399
 22.45734      400
 22.45734      381
 22.45734      347
 22.45734      317
 22.48956      291
 22.48956      268
 22.52178      247
 22.554        229
 22.58622      213
 22.58622      199
 22.61844      187
 22.65066      176
 22.68288      166
 22.68288      157
 22.7151       150
 22.77954      143
 22.77954      137
 22.81176      132
 22.84398      127
 22.8762       123
 22.8762       120
 22.90842      117
 22.94064      114
 22.97286      111
 22.97286      109
 23.00508      107
 23.0373       105
 23.06952      104
 23.06952      102
 23.10174      101
 23.13396      99
 23.16618      98
 23.16618      97
 23.1984       96
 23.23062      96
 23.26284      95
 23.29506      94
 23.29506      94
 23.32728      93
 23.3595       93
 23.3595       92
 23.39172      92
 23.42394      91
 23.45616      91
 23.45616      91
 23.48838      90
 23.5206       90
 23.55282      90
 23.55282      89
 23.58504      89
 23.61726      89
 23.64948      89
 23.64948      89
 23.6817       88
 23.71392      88
 23.74614      88
 23.74614      88
 23.77836      88
 23.81058      88
 23.8428       88
 23.8428       88
 23.87502      88
 23.90724      88
 23.93946      88
 23.93946      88
 23.97168      88
 24.0039       88
 24.03612      88
 24.03612      88
 24.06834      88
 24.10056      88
 24.13278      88
 24.13278      88
 24.165        88
 24.19722      88
 24.22944      88
 24.22944      89
 24.26166      89
 24.29388      89
 24.3261       89
 24.3261       89
 24.35832      89
 24.39054      89
 24.39054      90
 24.42276      90
 24.45498      90
 24.4872       90
 24.4872       90
 24.51942      90
 24.55164      90
 24.58386      90
 24.58386      90
 24.61608      91
 24.6483       91
 24.68052      91
 24.68052      91
 24.71274      91
 24.74496      91
 24.77718      91
 24.77718      91
 24.8094       91
 24.84162      91
 24.87384      91
 24.87384      91
 24.90606      91
 24.93828      91
 24.93828      91
 24.9705       91
 25.00272      91
 25.03494      91
 25.03494      91
 25.06716      90
 25.09938      90
 25.1316       90
 25.1316       90
 25.16382      90
 25.19604      90
 25.19604      90
 25.22826      90
 25.26048      89
 25.2927       89
 25.2927       89
 25.32492      89
 25.35714      89
 25.38936      89
 25.38936      88
 25.42158      88
 25.4538       88
 25.4538       88
 25.48602      88
 25.51824      87
 25.55046      87
 25.55046      87
 25.58268      87
 25.6149       87
 25.64712      87
 25.64712      86
 25.67934      86
 25.71156      86
 25.71156      86
 25.74378      86
 25.776        86
 25.80822      85
 25.80822      85
 25.84044      85
 25.87266      85
 25.90488      85
 25.90488      85
 25.9371       85
 25.96932      85
 26.00154      85
 26.03376      85
 26.06598      85
 26.06598      84
 26.0982       84
 26.13042      85
 26.16264      85
 26.16264      85
 26.19486      85
 26.22708      85
 26.22708      85
 26.2593       85
 26.29152      85
 26.32374      85
 26.32374      85
 26.35596      85
 26.38818      86
 26.4204       86
 26.4204       86
 26.45262      86
 26.48484      86
 26.48484      86
 26.51706      86
 26.54928      87
 26.5815       87
 26.5815       87
 26.61372      87
 26.64594      87
 26.67816      87
 26.67816      87
 26.71038      87
 26.7426       88
 26.7426       88
 26.77482      88
 26.80704      88
 26.80704      88
 26.83926      88
 26.87148      88
 26.9037       88
 26.9037       87
 26.93592      87
 26.96814      87
 26.96814      87
 27.00036      87
 27.03258      87
 27.0648       87
 27.0648       86
 27.09702      86
 27.12924      86
 27.12924      86
 27.16146      85
 27.19368      85
 27.2259       85
 27.2259       85
 27.25812      84
 27.29034      84
