 0             0
 0             0
 0             0
 0             0
 0             0
 0             0
 0             0
 0             0
 0             0
 0             0
 0             0
 0             0
 0             0
 0             0
 0             0
 3.222e-002    0
 3.222e-002    0
 6.444e-002    0
 9.666e-002    0
 0.12888       0
 0.1611        1
 0.1611        1
 0.19332       1
 0.22554       1
 0.25776       1
 0.28998       1
 0.3222        1
 0.3222        1
 0.35442       1
 0.38664       1
 0.41886       1
 0.45108       1
 0.4833        1
 0.51552       1
 0.54774       0
 0.57996       0
 0.57996       0
 0.61218       0
 0.6444        0
 0.67662       0
 0.70884       0
 0.74106       0
 0.77328       0
 0.8055        0
 0.83772       0
 0.86994       0
 0.90216       0
 0.93438       0
 0.9666        0
 0.9666        0
 0.99882       0
 1.03104       0
 1.06326       0
 1.09548       0
 1.1277        0
 1.15992       0
 1.19214       1
 1.22436       1
 1.25658       1
 1.2888        1
 1.32102       1
 1.35324       1
 1.35324       1
 1.38546       1
 1.41768       1
 1.4499        1
 1.48212       1
 1.51434       1
 1.54656       1
 1.57878       1
 1.611         1
 1.64322       1
 1.67544       1
 1.70766       1
 1.73988       1
 1.7721        1
 1.7721        1
 1.80432       1
 1.83654       1
 1.86876       1
 1.90098       1
 1.9332        1
 1.96542       1
 1.99764       1
 2.02986       1
 2.06208       1
 2.0943        1
 2.0943        1
 2.12652       1
 2.15874       1
 2.19096       1
 2.22318       1
 2.2554        1
 2.28762       1
 2.31984       1
 2.35206       1
 2.38428       1
 2.38428       1
 2.4165        2
 2.44872       2
 2.48094       2
 2.51316       2
 2.54538       2
 2.5776        2
 2.60982       2
 2.64204       2
 2.67426       2
 2.70648       2
 2.70648       1
 2.7387        1
 2.77092       1
 2.80314       1
 2.83536       1
 2.86758       1
 2.8998        1
 2.93202       1
 2.96424       1
 2.99646       1
 3.02868       1
 3.02868       1
 3.0609        1
 3.09312       1
 3.12534       1
 3.15756       1
 3.18978       1
 3.25422       1
 3.28644       1
 3.28644       1
 3.31866       1
 3.35088       1
 3.3831        1
 3.41532       1
 3.44754       1
 3.47976       1
 3.51198       1
 3.5442        1
 3.57642       1
 3.57642       1
 3.60864       1
 3.64086       1
 3.67308       1
 3.7053        1
 3.73752       1
 3.76974       1
 3.80196       1
 3.83418       1
 3.8664        1
 3.89862       1
 3.89862       1
 3.93084       1
 3.96306       1
 3.99528       1
 4.0275        1
 4.05972       1
 4.09194       1
 4.12416       1
 4.15638       1
 4.15638       1
 4.1886        1
 4.22082       1
 4.25304       1
 4.28526       1
 4.31748       1
 4.3497        1
 4.38192       1
 4.41414       1
 4.44636       1
 4.44636       1
 4.47858       1
 4.5108        1
 4.54302       1
 4.57524       1
 4.60746       1
 4.63968       1
 4.6719        1
 4.70412       1
 4.73634       1
 4.73634       1
 4.76856       1
 4.80078       1
 4.833         1
 4.86522       1
 4.89744       1
 4.92966       1
 4.96188       1
 4.9941        1
 4.9941        1
 5.02632       1
 5.05854       1
 5.09076       1
 5.12298       1
 5.1552        1
 5.18742       1
 5.21964       1
 5.25186       1
 5.25186       1
 5.28408       1
 5.3163        1
 5.34852       1
 5.38074       1
 5.41296       1
 5.44518       1
 5.4774        1
 5.50962       1
 5.54184       1
 5.54184       1
 5.57406       1
 5.60628       1
 5.6385        1
 5.67072       1
 5.70294       1
 5.73516       1
 5.76738       1
 5.7996        1
 5.7996        1
 5.83182       1
 5.86404       1
 5.89626       1
 5.92848       1
 5.9607        1
 5.99292       1
 6.02514       1
 6.05736       1
 6.05736       1
 6.08958       1
 6.1218        1
 6.15402       1
 6.18624       1
 6.21846       1
 6.25068       1
 6.2829        1
 6.31512       1
 6.31512       1
 6.34734       1
 6.37956       1
 6.41178       1
 6.444         1
 6.50844       1
 6.54066       1
 6.54066       1
 6.57288       1
 6.6051        1
 6.63732       1
 6.66954       1
 6.70176       1
 6.73398       1
 6.7662        1
 6.79842       1
 6.79842       1
 6.83064       1
 6.86286       1
 6.89508       1
 6.9273        1
 6.95952       1
 6.99174       1
 7.02396       1
 7.02396       1
 7.05618       1
 7.0884        1
 7.12062       1
 7.15284       1
 7.18506       1
 7.21728       1
 7.2495        1
 7.28172       1
 7.28172       1
 7.31394       1
 7.34616       1
 7.37838       1
 7.4106        1
 7.44282       1
 7.47504       1
 7.50726       1
 7.50726       1
 7.53948       1
 7.5717        1
 7.60392       1
 7.63614       1
 7.66836       1
 7.70058       1
 7.7328        1
 7.76502       1
 7.76502       1
 7.79724       1
 7.82946       1
 7.86168       1
 7.8939        1
 7.92612       1
 7.95834       1
 7.95834       1
 7.99056       1
 8.02278       1
 8.055         1
 8.08722       1
 8.11944       1
 8.15166       1
 8.18388       1
 8.2161        1
 8.2161        1
 8.24832       1
 8.28054       1
 8.31276       1
 8.34498       1
 8.3772        1
 8.40942       1
 8.44164       2
 8.44164       2
 8.47386       2
 8.50608       2
 8.5383        2
 8.57052       2
 8.60274       2
 8.63496       2
 8.63496       2
 8.66718       2
 8.6994        2
 8.73162       2
 8.76384       2
 8.79606       2
 8.82828       2
 8.8605        2
 8.8605        2
 8.89272       2
 8.92494       2
 8.95716       2
 8.98938       2
 9.0216        2
 9.05382       2
 9.08604       2
 9.08604       2
 9.11826       2
 9.15048       2
 9.1827        2
 9.21492       2
 9.24714       2
 9.27936       2
 9.31158       2
 9.31158       2
 9.3438        2
 9.37602       2
 9.40824       2
 9.44046       2
 9.47268       2
 9.5049        2
 9.5049        2
 9.53712       2
 9.56934       2
 9.60156       2
 9.63378       2
 9.666         2
 9.69822       2
 9.73044       2
 9.76266       2
 9.79488       2
 9.8271        2
 9.85932       2
 9.89154       2
 9.92376       2
 9.92376       2
 9.95598       2
 9.9882        2
 10.02042      2
 10.05264      3
 10.08486      3
 10.11708      3
 10.1493       3
 10.1493       3
 10.18152      3
 10.21374      3
 10.24596      3
 10.27818      3
 10.3104       3
 10.34262      3
 10.34262      3
 10.37484      4
 10.40706      4
 10.43928      4
 10.4715       4
 10.50372      4
 10.53594      4
 10.53594      4
 10.56816      4
 10.60038      4
 10.6326       4
 10.66482      4
 10.69704      5
 10.72926      5
 10.76148      5
 10.76148      5
 10.7937       5
 10.82592      5
 10.85814      5
 10.89036      6
 10.92258      6
 10.9548       6
 10.9548       6
 10.98702      6
 11.01924      7
 11.05146      7
 11.08368      7
 11.1159       7
 11.14812      8
 11.14812      8
 11.18034      8
 11.21256      8
 11.24478      8
 11.277        9
 11.30922      9
 11.34144      9
 11.34144      9
 11.37366      10
 11.40588      10
 11.4381       10
 11.47032      11
 11.50254      11
 11.53476      11
 11.53476      12
 11.56698      12
 11.5992       13
 11.63142      13
 11.66364      13
 11.69586      14
 11.69586      14
 11.72808      15
 11.7603       15
 11.79252      16
 11.82474      16
 11.85696      17
 11.88918      17
 11.88918      18
 11.9214       19
 11.95362      19
 11.98584      20
 12.01806      21
 12.05028      22
 12.0825       23
 12.0825       24
 12.11472      25
 12.14694      26
 12.17916      27
 12.21138      28
 12.2436       30
 12.27582      31
 12.27582      33
 12.30804      35
 12.34026      37
 12.37248      39
 12.4047       41
 12.43692      44
 12.43692      46
 12.46914      49
 12.50136      52
 12.53358      55
 12.5658       59
 12.59802      62
 12.63024      66
 12.63024      70
 12.66246      75
 12.69468      79
 12.7269       84
 12.75912      89
 12.79134      95
 12.79134      101
 12.82356      108
 12.85578      114
 12.888        122
 12.92022      130
 12.95244      138
 12.98466      148
 13.01688      158
 13.0491       169
 13.08132      181
 13.11354      195
 13.14576      210
 13.14576      226
 13.17798      243
 13.2102       262
 13.24242      282
 13.27464      305
 13.30686      329
 13.33908      355
 13.33908      382
 13.3713       412
 13.40352      443
 13.43574      476
 13.46796      511
 13.50018      548
 13.50018      586
 13.5324       627
 13.56462      670
 13.59684      714
 13.62906      760
 13.66128      808
 13.66128      858
 13.6935       910
 13.72572      964
 13.75794      1020
 13.79016      1033
 13.82238      1033
 13.82238      1033
 13.8546       1033
 13.88682      1033
 13.91904      1033
 13.95126      1033
 13.98348      1033
 14.0157       1033
 14.0157       1033
 14.04792      1033
 14.08014      1033
 14.11236      1033
 14.14458      1033
 14.1768       1033
 14.1768       1033
 14.20902      1033
 14.24124      1033
 14.27346      1033
 14.30568      1033
 14.3379       1033
 14.3379       1033
 14.37012      1033
 14.40234      1033
 14.43456      1033
 14.46678      1033
 14.499        1033
 14.499        1033
 14.53122      1033
 14.56344      1033
 14.59566      1033
 14.62788      1033
 14.62788      1033
 14.6601       1033
 14.69232      1033
 14.72454      1033
 14.75676      1033
 14.78898      1033
 14.78898      1033
 14.8212       1033
 14.85342      1033
 14.88564      1033
 14.91786      1033
 14.95008      1033
 14.95008      1033
 14.9823       1033
 15.01452      1033
 15.04674      1033
 15.07896      1033
 15.11118      1033
 15.11118      1033
 15.1434       1033
 15.17562      1033
 15.20784      1033
 15.24006      1033
 15.27228      1033
 15.27228      1033
 15.3045       1033
 15.33672      1033
 15.36894      1033
 15.40116      1033
 15.43338      1033
 15.43338      1033
 15.4656       1033
 15.49782      1033
 15.53004      1033
 15.56226      1033
 15.56226      1033
 15.59448      1033
 15.6267       1033
 15.6267       1033
 15.65892      1033
 15.69114      1033
 15.72336      1033
 15.72336      1033
 15.75558      1033
 15.7878       1033
 15.82002      1033
 15.85224      1033
 15.88446      1033
 15.88446      1033
 15.91668      1033
 15.9489       1033
 15.98112      1033
 16.01334      1033
 16.01334      1033
 16.04556      1033
 16.07778      1033
 16.11         1033
 16.14222      1033
 16.17444      1033
 16.17444      1033
 16.20666      1033
 16.2711       1033
 16.30332      1033
 16.30332      1033
 16.33554      1033
 16.36776      1033
 16.39998      1033
 16.4322       1033
 16.4322       1033
 16.46442      1033
 16.49664      1033
 16.52886      1033
 16.56108      1033
 16.56108      1033
 16.5933       1033
 16.62552      1033
 16.65774      1033
 16.68996      1033
 16.68996      1033
 16.72218      1033
 16.7544       1033
 16.78662      1033
 16.81884      1033
 16.81884      1033
 16.85106      1033
 16.88328      1033
 16.9155       1033
 16.94772      1033
 16.97994      1033
 16.97994      1033
 17.01216      1033
 17.04438      1033
 17.0766       1033
 17.10882      1033
 17.10882      1033
 17.14104      1033
 17.17326      1033
 17.20548      1033
 17.2377       1033
 17.2377       1033
 17.26992      1033
 17.30214      1033
 17.33436      1033
 17.36658      1033
 17.36658      1033
 17.3988       1033
 17.43102      1033
 17.46324      1033
 17.49546      1033
 17.49546      1033
 17.52768      1033
 17.5599       1033
 17.59212      1033
 17.62434      1033
 17.65656      1033
 17.65656      1033
 17.68878      1033
 17.721        1033
 17.75322      1033
 17.75322      1033
 17.78544      1033
 17.81766      1033
 17.84988      1033
 17.8821       1033
 17.8821       1033
 17.91432      1033
 17.94654      1033
 17.97876      1033
 18.01098      1033
 18.01098      1033
 18.0432       1033
 18.07542      1033
 18.10764      1033
 18.13986      1033
 18.17208      1033
 18.17208      1033
 18.2043       1033
 18.23652      1033
 18.26874      1033
 18.26874      1033
 18.30096      1033
 18.33318      1033
 18.3654       1033
 18.39762      1033
 18.39762      1033
 18.42984      1033
 18.46206      1033
 18.49428      1033
 18.5265       1033
 18.5265       1033
 18.55872      1033
 18.59094      1033
 18.62316      1033
 18.65538      1033
 18.65538      1033
 18.6876       1033
 18.71982      1033
 18.75204      1033
 18.78426      1033
 18.78426      1033
 18.81648      1033
 18.8487       1033
 18.88092      1033
 18.88092      1033
 18.91314      1033
 18.94536      1033
 18.97758      1033
 19.0098       1033
 19.0098       1033
 19.04202      1033
 19.07424      1033
 19.10646      1033
 19.13868      1033
 19.13868      1033
 19.1709       1033
 19.20312      1033
 19.23534      1033
 19.26756      1033
 19.26756      1033
 19.29978      1033
 19.332        1033
 19.36422      1033
 19.39644      1033
 19.39644      1033
 19.42866      1033
 19.46088      1033
 19.52532      1033
 19.52532      1033
 19.55754      1033
 19.58976      1033
 19.62198      1033
 19.6542       1033
 19.6542       1033
 19.68642      1033
 19.71864      1033
 19.75086      1033
 19.78308      1033
 19.78308      1033
 19.8153       1033
 19.84752      1033
 19.87974      1033
 19.87974      1033
 19.91196      1033
 19.94418      1033
 19.9764       1033
 20.00862      1033
 20.00862      1033
 20.04084      1033
 20.07306      1033
 20.10528      1033
 20.10528      1033
 20.1375       1033
 20.16972      1033
 20.20194      1033
 20.23416      1033
 20.23416      1033
 20.26638      1033
 20.2986       1033
 20.33082      1033
 20.33082      1033
 20.36304      1033
 20.39526      1033
 20.42748      1033
 20.4597       1033
 20.4597       1033
 20.49192      1033
 20.52414      1033
 20.55636      1033
 20.58858      1033
 20.58858      1033
 20.6208       1033
 20.65302      1033
 20.68524      1033
 20.68524      1033
 20.71746      1033
 20.74968      1033
 20.7819       1033
 20.7819       1033
 20.81412      1033
 20.84634      1033
 20.87856      1033
 20.91078      1033
 20.91078      1033
 20.943        1033
 20.97522      1033
 21.00744      1033
 21.03966      1033
 21.03966      1033
 21.07188      1033
 21.1041       1033
 21.13632      1033
 21.13632      1033
 21.16854      1033
 21.20076      1033
 21.23298      1033
 21.2652       1033
 21.2652       1033
 21.29742      1033
 21.32964      1033
 21.36186      1033
 21.36186      1033
 21.39408      1033
 21.4263       1033
 21.45852      1033
 21.49074      1033
 21.49074      1033
 21.52296      1033
 21.55518      1033
 21.5874       1033
 21.5874       1033
 21.61962      1033
 21.65184      1033
 21.68406      1033
 21.71628      1033
 21.71628      1033
 21.7485       1033
 21.78072      1033
 21.81294      1033
 21.81294      1033
 21.84516      1033
 21.87738      1033
 21.9096       1033
 21.9096       1033
 21.94182      1033
 21.97404      1033
 22.00626      1033
 22.00626      1033
 22.03848      1033
 22.0707       1033
 22.10292      1033
 22.13514      1033
 22.13514      1033
 22.16736      1033
 22.19958      1033
 22.2318       1033
 22.2318       1033
 22.26402      1033
 22.29624      1033
 22.32846      1033
 22.32846      1033
 22.36068      1033
 22.3929       1033
 22.42512      1033
 22.45734      1033
 22.45734      1033
 22.48956      1033
 22.52178      1033
 22.554        1033
 22.554        1033
 22.58622      1033
 22.61844      1033
 22.65066      1033
 22.65066      1033
 22.68288      1033
 22.7151       1033
 22.77954      1033
 22.77954      1033
 22.81176      1033
 22.84398      1033
 22.8762       1033
 22.8762       1033
 22.90842      1033
 22.94064      1033
 22.97286      1033
 22.97286      1033
 23.00508      1033
 23.0373       1033
 23.06952      1033
 23.06952      1033
 23.10174      1033
 23.13396      1033
 23.16618      1033
 23.16618      1033
 23.1984       1033
 23.23062      1033
 23.26284      1033
 23.29506      1033
 23.29506      1033
 23.32728      1033
 23.3595       1033
 23.39172      1033
 23.39172      1033
 23.42394      1033
 23.45616      1033
 23.48838      1033
 23.48838      1033
 23.5206       1033
 23.55282      1033
 23.58504      1033
 23.58504      1033
 23.61726      1033
 23.64948      1033
 23.6817       1033
 23.6817       1033
 23.71392      1033
 23.74614      1033
 23.77836      1033
 23.77836      1033
 23.81058      1033
 23.8428       1033
 23.87502      1033
 23.87502      1033
 23.90724      1033
 23.93946      1033
 23.97168      1033
 23.97168      1033
 24.0039       1033
 24.03612      1033
 24.06834      1033
 24.06834      1033
 24.10056      1033
 24.13278      1033
 24.165        1033
 24.165        1033
 24.19722      1033
 24.22944      1033
 24.26166      1033
 24.26166      1033
 24.29388      1033
 24.3261       1033
 24.35832      1033
 24.35832      1033
 24.39054      1033
 24.42276      1033
 24.45498      1033
 24.45498      1033
 24.4872       1033
 24.51942      1033
 24.55164      1033
 24.55164      1033
 24.58386      1033
 24.61608      1033
 24.6483       1033
 24.6483       1033
 24.68052      1033
 24.71274      1033
 24.74496      1033
 24.74496      1033
 24.77718      1033
 24.8094       1033
 24.84162      1033
 24.84162      1033
 24.87384      1033
 24.90606      1033
 24.93828      1033
 24.93828      1033
 24.9705       1033
 25.00272      1033
 25.00272      1033
 25.03494      1033
 25.06716      1033
 25.09938      1033
 25.09938      1033
 25.1316       1033
 25.16382      1033
 25.19604      1033
 25.19604      1033
 25.22826      1033
 25.26048      1033
 25.2927       1033
 25.2927       1033
 25.32492      1033
 25.35714      1033
 25.38936      1033
 25.38936      1033
 25.42158      1033
 25.4538       1033
 25.48602      1033
 25.48602      1033
 25.51824      1033
 25.55046      1033
 25.58268      1033
 25.58268      1033
 25.6149       1033
 25.64712      1033
 25.64712      1033
 25.67934      1033
 25.71156      1033
 25.74378      1033
 25.74378      1033
 25.776        1033
 25.80822      1033
 25.84044      1033
 25.84044      1033
 25.87266      1033
 25.90488      1033
 25.9371       1033
 25.9371       1033
 25.96932      1033
 26.03376      1033
 26.03376      1033
 26.06598      1033
 26.0982       1033
 26.13042      1033
 26.13042      1033
 26.16264      1033
 26.19486      1033
 26.19486      1033
 26.22708      1033
 26.2593       1033
 26.29152      1033
 26.29152      1033
 26.32374      1033
 26.35596      1033
 26.38818      1033
 26.38818      1033
 26.4204       1033
 26.45262      1033
 26.48484      1033
 26.48484      1033
 26.51706      1033
 26.54928      1033
 26.5815       1033
 26.5815       1033
 26.61372      1033
 26.64594      1033
 26.64594      1033
 26.67816      1033
 26.71038      1033
 26.7426       1033
 26.7426       1033
 26.77482      1033
 26.80704      1033
 26.83926      1033
 26.83926      1033
 26.87148      1033
 26.9037       1033
 26.9037       1033
 26.93592      1033
 26.96814      1033
 27.00036      1033
 27.00036      1033
 27.03258      1033
 27.0648       1033
 27.0648       1033
