 0             0
 0             0
 0             0
 0             0
 0             0
 0             0
 0             0
 0             0
 0             0
 0             0
 0             0
 3.222e-002    0
 6.444e-002    0
 9.666e-002    0
 0.12888       0
 0.12888       0
 0.1611        0
 0.19332       0
 0.19332       0
 0.25776       0
 0.25776       0
 0.28998       0
 0.3222        0
 0.35442       0
 0.38664       0
 0.41886       0
 0.41886       0
 0.45108       0
 0.4833        0
 0.51552       0
 0.54774       0
 0.57996       0
 0.57996       0
 0.6444        0
 0.6444        0
 0.67662       0
 0.70884       0
 0.74106       0
 0.77328       0
 0.8055        0
 0.83772       0
 0.83772       0
 0.90216       0
 0.90216       0
 0.93438       0
 0.9666        0
 0.99882       0
 1.03104       0
 1.06326       0
 1.06326       0
 1.09548       0
 1.1277        0
 1.15992       0
 1.19214       0
 1.22436       0
 1.25658       0
 1.2888        0
 1.2888        0
 1.32102       0
 1.35324       0
 1.38546       0
 1.41768       0
 1.4499        0
 1.48212       0
 1.51434       0
 1.54656       0
 1.54656       0
 1.57878       0
 1.611         0
 1.64322       0
 1.67544       0
 1.70766       0
 1.73988       0
 1.7721        0
 1.7721        0
 1.80432       0
 1.83654       0
 1.86876       0
 1.90098       0
 1.9332        0
 1.96542       0
 1.99764       0
 2.02986       0
 2.06208       0
 2.0943        0
 2.0943        0
 2.12652       0
 2.15874       0
 2.19096       0
 2.22318       0
 2.2554        0
 2.28762       0
 2.31984       0
 2.35206       0
 2.35206       0
 2.4165        0
 2.4165        0
 2.44872       0
 2.48094       0
 2.51316       0
 2.54538       0
 2.5776        0
 2.60982       0
 2.64204       0
 2.67426       0
 2.67426       0
 2.7387        0
 2.7387        0
 2.77092       0
 2.80314       0
 2.83536       0
 2.86758       0
 2.8998        0
 2.93202       0
 2.96424       0
 2.99646       0
 3.02868       1
 3.0609        1
 3.0609        1
 3.09312       1
 3.12534       1
 3.15756       1
 3.18978       1
 3.25422       1
 3.28644       1
 3.31866       1
 3.35088       1
 3.35088       1
 3.3831        1
 3.41532       1
 3.44754       1
 3.47976       1
 3.51198       1
 3.5442        1
 3.57642       1
 3.60864       1
 3.64086       1
 3.67308       1
 3.7053        1
 3.7053        1
 3.73752       1
 3.76974       1
 3.80196       1
 3.83418       1
 3.8664        2
 3.89862       2
 3.93084       2
 3.96306       2
 3.99528       2
 4.0275        2
 4.05972       2
 4.05972       2
 4.09194       2
 4.12416       2
 4.15638       2
 4.1886        2
 4.22082       2
 4.25304       3
 4.28526       3
 4.31748       3
 4.3497        3
 4.38192       3
 4.38192       3
 4.41414       3
 4.44636       3
 4.47858       3
 4.5108        3
 4.54302       3
 4.57524       4
 4.60746       4
 4.63968       4
 4.6719        4
 4.70412       4
 4.73634       4
 4.76856       4
 4.76856       4
 4.80078       4
 4.833         5
 4.86522       5
 4.89744       5
 4.92966       5
 4.96188       5
 4.9941        5
 5.02632       5
 5.05854       6
 5.09076       6
 5.09076       6
 5.12298       6
 5.1552        6
 5.18742       7
 5.21964       7
 5.25186       7
 5.28408       7
 5.3163        7
 5.34852       8
 5.38074       8
 5.41296       8
 5.44518       8
 5.44518       8
 5.4774        9
 5.50962       9
 5.54184       9
 5.57406       9
 5.60628       9
 5.6385        10
 5.67072       10
 5.70294       10
 5.73516       10
 5.76738       10
 5.76738       11
 5.7996        11
 5.83182       11
 5.86404       11
 5.89626       12
 5.92848       12
 5.9607        12
 5.99292       13
 6.02514       13
 6.05736       13
 6.08958       14
 6.08958       14
 6.1218        14
 6.15402       15
 6.18624       15
 6.21846       15
 6.25068       16
 6.2829        16
 6.31512       17
 6.34734       17
 6.37956       17
 6.41178       18
 6.444         18
 6.444         19
 6.50844       19
 6.54066       19
 6.57288       20
 6.6051        20
 6.63732       21
 6.66954       21
 6.70176       22
 6.70176       22
 6.73398       23
 6.7662        23
 6.79842       24
 6.83064       24
 6.86286       25
 6.89508       25
 6.9273        26
 6.95952       26
 6.99174       27
 7.02396       27
 7.02396       28
 7.05618       29
 7.0884        29
 7.12062       29
 7.15284       30
 7.18506       30
 7.21728       30
 7.2495        31
 7.28172       31
 7.31394       31
 7.31394       32
 7.34616       32
 7.37838       32
 7.4106        32
 7.44282       32
 7.47504       33
 7.50726       33
 7.53948       33
 7.5717        33
 7.60392       33
 7.63614       33
 7.63614       33
 7.66836       33
 7.70058       33
 7.7328        33
 7.76502       32
 7.79724       32
 7.82946       32
 7.86168       32
 7.8939        32
 7.92612       32
 7.92612       32
 7.95834       31
 7.99056       31
 8.02278       31
 8.055         30
 8.08722       30
 8.11944       30
 8.15166       29
 8.18388       29
 8.2161        29
 8.2161        29
 8.24832       28
 8.28054       28
 8.31276       28
 8.34498       27
 8.3772        27
 8.40942       27
 8.44164       26
 8.47386       26
 8.47386       26
 8.50608       25
 8.5383        25
 8.57052       25
 8.60274       25
 8.63496       24
 8.66718       24
 8.6994        24
 8.73162       24
 8.76384       23
 8.79606       23
 8.79606       23
 8.82828       23
 8.8605        23
 8.89272       22
 8.92494       22
 8.95716       22
 8.98938       22
 9.0216        22
 9.05382       22
 9.05382       22
 9.08604       22
 9.11826       22
 9.15048       22
 9.1827        22
 9.21492       22
 9.24714       22
 9.27936       22
 9.31158       22
 9.31158       22
 9.3438        23
 9.37602       23
 9.40824       23
 9.44046       23
 9.47268       23
 9.5049        24
 9.53712       24
 9.56934       24
 9.60156       24
 9.60156       25
 9.63378       25
 9.666         26
 9.69822       26
 9.76266       27
 9.79488       27
 9.8271        27
 9.85932       27
 9.85932       28
 9.89154       28
 9.92376       29
 9.95598       29
 9.9882        29
 10.02042      30
 10.05264      30
 10.08486      31
 10.11708      31
 10.11708      32
 10.1493       32
 10.18152      33
 10.21374      33
 10.24596      34
 10.27818      35
 10.3104       35
 10.34262      36
 10.37484      36
 10.37484      37
 10.40706      38
 10.43928      39
 10.4715       39
 10.50372      40
 10.53594      41
 10.56816      41
 10.60038      42
 10.60038      43
 10.6326       44
 10.66482      45
 10.69704      45
 10.72926      46
 10.76148      47
 10.7937       48
 10.82592      49
 10.85814      50
 10.85814      51
 10.89036      52
 10.92258      52
 10.9548       53
 10.98702      54
 11.01924      55
 11.05146      56
 11.08368      57
 11.08368      58
 11.1159       59
 11.14812      60
 11.18034      61
 11.21256      63
 11.24478      64
 11.277        65
 11.30922      66
 11.34144      67
 11.34144      68
 11.37366      69
 11.40588      70
 11.4381       72
 11.47032      73
 11.50254      74
 11.53476      75
 11.56698      76
 11.56698      78
 11.5992       79
 11.63142      80
 11.66364      81
 11.69586      83
 11.72808      84
 11.7603       85
 11.79252      86
 11.82474      88
 11.82474      89
 11.85696      90
 11.88918      91
 11.9214       93
 11.95362      94
 11.98584      96
 12.01806      97
 12.05028      98
 12.05028      98
 12.0825       99
 12.11472      100
 12.14694      101
 12.17916      101
 12.21138      102
 12.2436       102
 12.27582      102
 12.27582      102
 12.30804      102
 12.34026      102
 12.37248      102
 12.4047       101
 12.43692      101
 12.46914      99
 12.50136      99
 12.50136      98
 12.53358      97
 12.5658       96
 12.59802      95
 12.63024      94
 12.66246      92
 12.69468      91
 12.7269       90
 12.7269       88
 12.75912      87
 12.79134      85
 12.82356      84
 12.85578      82
 12.888        81
 12.92022      79
 12.95244      78
 12.95244      76
 13.01688      75
 13.0491       73
 13.08132      72
 13.11354      70
 13.14576      69
 13.14576      67
 13.17798      66
 13.2102       64
 13.24242      63
 13.27464      62
 13.30686      61
 13.33908      59
 13.3713       58
 13.3713       57
 13.40352      56
 13.43574      55
 13.46796      54
 13.50018      53
 13.5324       52
 13.56462      52
 13.56462      51
 13.59684      50
 13.62906      50
 13.66128      49
 13.6935       49
 13.72572      48
 13.75794      48
 13.79016      47
 13.79016      47
 13.82238      46
 13.8546       46
 13.88682      46
 13.91904      46
 13.95126      46
 13.98348      45
 14.0157       45
 14.0157       45
 14.04792      45
 14.08014      46
 14.11236      46
 14.14458      46
 14.1768       46
 14.20902      46
 14.20902      46
 14.24124      47
 14.27346      47
 14.30568      47
 14.3379       48
 14.37012      48
 14.40234      49
 14.43456      49
 14.43456      50
 14.46678      50
 14.499        51
 14.53122      52
 14.56344      52
 14.59566      53
 14.59566      54
 14.62788      54
 14.6601       55
 14.69232      56
 14.72454      57
 14.75676      57
 14.78898      58
 14.8212       59
 14.8212       60
 14.85342      61
 14.88564      62
 14.91786      63
 14.95008      64
 14.9823       65
 14.9823       66
 15.01452      67
 15.04674      68
 15.07896      69
 15.11118      70
 15.1434       71
 15.17562      72
 15.20784      74
 15.20784      75
 15.24006      76
 15.27228      77
 15.3045       78
 15.33672      80
 15.36894      81
 15.36894      82
 15.40116      84
 15.43338      85
 15.4656       86
 15.49782      88
 15.53004      89
 15.56226      90
 15.59448      92
 15.6267       93
 15.6267       95
 15.65892      96
 15.69114      98
 15.72336      99
 15.75558      101
 15.7878       103
 15.7878       104
 15.82002      106
 15.85224      107
 15.88446      109
 15.91668      111
 15.9489       112
 15.98112      114
 15.98112      116
 16.01334      117
 16.04556      119
 16.07778      121
 16.11         122
 16.14222      124
 16.17444      126
 16.17444      127
 16.20666      129
 16.2711       131
 16.30332      133
 16.33554      134
 16.36776      136
 16.36776      138
 16.39998      140
 16.4322       142
 16.46442      144
 16.49664      145
 16.52886      147
 16.52886      149
 16.56108      151
 16.5933       153
 16.62552      154
 16.65774      156
 16.68996      158
 16.72218      160
 16.72218      162
 16.7544       163
 16.78662      165
 16.81884      167
 16.85106      168
 16.88328      170
 16.9155       171
 16.9155       173
 16.94772      174
 16.97994      175
 17.01216      176
 17.04438      177
 17.0766       177
 17.0766       178
 17.10882      178
 17.14104      178
 17.17326      178
 17.20548      178
 17.2377       178
 17.26992      178
 17.26992      178
 17.30214      177
 17.33436      177
 17.36658      176
 17.3988       175
 17.43102      174
 17.43102      173
 17.46324      172
 17.49546      171
 17.52768      169
 17.5599       168
 17.59212      166
 17.59212      165
 17.62434      163
 17.65656      161
 17.68878      160
 17.721        158
 17.75322      156
 17.78544      154
 17.78544      152
 17.81766      149
 17.84988      147
 17.8821       145
 17.91432      142
 17.94654      140
 17.94654      137
 17.97876      135
 18.01098      132
 18.0432       129
 18.07542      127
 18.10764      124
 18.13986      121
 18.13986      119
 18.17208      116
 18.2043       114
 18.23652      111
 18.26874      109
 18.30096      107
 18.30096      105
 18.33318      103
 18.3654       100
 18.39762      98
 18.42984      96
 18.46206      94
 18.46206      93
 18.49428      91
 18.5265       89
 18.55872      88
 18.59094      87
 18.62316      86
 18.62316      85
 18.65538      85
 18.6876       85
 18.71982      85
 18.75204      84
 18.78426      83
 18.78426      82
 18.81648      81
 18.8487       80
 18.88092      79
 18.91314      79
 18.94536      78
 18.94536      78
 18.97758      77
 19.0098       77
 19.04202      77
 19.07424      77
 19.10646      77
 19.10646      77
 19.13868      77
 19.1709       77
 19.20312      77
 19.23534      77
 19.26756      78
 19.26756      78
 19.29978      78
 19.332        79
 19.36422      79
 19.39644      80
 19.42866      80
 19.42866      81
 19.46088      82
 19.52532      82
 19.55754      83
 19.58976      84
 19.58976      85
 19.62198      86
 19.6542       86
 19.68642      87
 19.71864      88
 19.75086      89
 19.75086      90
 19.78308      91
 19.8153       92
 19.84752      93
 19.87974      94
 19.91196      96
 19.91196      97
 19.94418      98
 19.9764       99
 20.00862      101
 20.04084      102
 20.07306      104
 20.07306      105
 20.10528      106
 20.1375       108
 20.16972      109
 20.20194      110
 20.20194      112
 20.23416      113
 20.26638      115
 20.2986       116
 20.33082      118
 20.36304      119
 20.36304      120
 20.39526      122
 20.42748      124
 20.4597       125
 20.49192      127
 20.52414      128
 20.52414      130
 20.55636      132
 20.58858      133
 20.6208       135
 20.65302      137
 20.68524      138
 20.68524      140
 20.71746      142
 20.74968      144
 20.7819       145
 20.81412      147
 20.81412      149
 20.84634      151
 20.87856      152
 20.91078      154
 20.943        156
 20.97522      158
 20.97522      160
 21.00744      162
 21.03966      164
 21.07188      166
 21.1041       168
 21.1041       169
 21.13632      171
 21.16854      173
 21.20076      175
 21.23298      177
 21.2652       179
 21.2652       181
 21.29742      183
 21.32964      185
 21.36186      187
 21.39408      189
 21.4263       191
 21.4263       193
 21.45852      195
 21.49074      197
 21.52296      199
 21.55518      202
 21.55518      204
 21.5874       206
 21.61962      208
 21.65184      210
 21.68406      212
 21.71628      213
 21.71628      215
 21.7485       217
 21.78072      219
 21.81294      220
 21.84516      222
 21.84516      223
 21.87738      225
 21.9096       226
 21.94182      227
 21.97404      228
 22.00626      230
 22.00626      231
 22.03848      232
 22.0707       233
 22.10292      233
 22.13514      234
 22.13514      235
 22.16736      235
 22.19958      236
 22.2318       236
 22.26402      236
 22.26402      236
 22.29624      236
 22.32846      236
 22.36068      236
 22.3929       236
 22.42512      235
 22.42512      235
 22.45734      234
 22.48956      234
 22.52178      233
 22.554        232
 22.58622      231
 22.58622      231
 22.61844      232
 22.65066      232
 22.68288      230
 22.7151       228
 22.7151       226
 22.77954      224
 22.81176      221
 22.84398      219
 22.8762       216
 22.8762       214
 22.90842      211
 22.94064      208
 22.97286      205
 22.97286      202
 23.00508      198
 23.0373       195
 23.06952      192
 23.10174      189
 23.10174      186
 23.13396      183
 23.16618      180
 23.1984       177
 23.23062      173
 23.26284      170
 23.26284      167
 23.29506      164
 23.32728      161
 23.3595       159
 23.39172      156
 23.39172      153
 23.42394      150
 23.45616      148
 23.48838      145
 23.5206       143
 23.5206       140
 23.55282      138
 23.58504      136
 23.61726      134
 23.64948      132
 23.64948      130
 23.6817       128
 23.71392      127
 23.74614      125
 23.77836      124
 23.77836      122
 23.81058      121
 23.8428       120
 23.87502      119
 23.90724      118
 23.90724      117
 23.93946      116
 23.97168      116
 24.0039       115
 24.03612      115
 24.03612      114
 24.06834      114
 24.10056      113
 24.13278      113
 24.165        113
 24.165        113
 24.19722      113
 24.22944      113
 24.26166      113
 24.29388      113
 24.29388      113
 24.3261       113
 24.35832      113
 24.39054      114
 24.42276      114
 24.42276      114
 24.45498      115
 24.4872       115
 24.51942      116
 24.55164      116
 24.55164      117
 24.58386      117
 24.61608      118
 24.6483       119
 24.68052      120
 24.68052      120
 24.71274      121
 24.74496      122
 24.77718      123
 24.8094       124
 24.8094       125
 24.84162      126
 24.87384      127
 24.90606      128
 24.90606      129
 24.93828      130
 24.9705       131
 25.00272      132
 25.03494      133
 25.03494      134
 25.06716      136
 25.09938      137
 25.1316       138
 25.1316       139
 25.16382      141
 25.19604      142
 25.22826      143
 25.26048      145
 25.26048      146
 25.2927       148
 25.32492      149
 25.35714      150
 25.38936      152
 25.38936      153
 25.42158      155
 25.4538       157
 25.48602      158
 25.51824      160
 25.51824      161
 25.55046      163
 25.58268      165
 25.6149       167
 25.6149       168
 25.64712      170
 25.67934      172
 25.71156      173
 25.74378      175
 25.74378      177
 25.776        179
 25.80822      180
 25.84044      182
 25.87266      184
 25.87266      186
 25.90488      188
 25.9371       190
 25.96932      191
 26.00154      192
 26.03376      193
 26.06598      195
 26.0982       197
 26.0982       199
 26.13042      201
 26.16264      203
 26.19486      206
 26.22708      208
 26.22708      210
 26.2593       212
 26.29152      214
 26.32374      216
 26.32374      218
 26.35596      220
 26.38818      222
 26.4204       224
 26.45262      226
 26.45262      228
 26.48484      230
 26.51706      232
 26.54928      234
 26.54928      236
 26.5815       238
 26.61372      239
 26.64594      241
 26.67816      243
 26.67816      245
 26.71038      246
 26.7426       248
 26.77482      250
 26.77482      251
 26.80704      253
 26.83926      254
 26.87148      256
 26.9037       257
 26.9037       259
 26.93592      260
 26.96814      261
 27.00036      263
 27.00036      264
 27.03258      265
 27.0648       266
 27.09702      267
 27.12924      268
 27.12924      269
 27.16146      270
 27.19368      270
 27.2259       271
 27.2259       272
 27.25812      272
 27.29034      273
 27.32256      273
 27.32256      274
 27.35478      274
 27.387        274
 27.41922      274
 27.45144      274
 27.45144      274
 27.48366      274
 27.51588      274
 27.5481       274
 27.5481       274
 27.58032      273
 27.61254      273
 27.64476      272
 27.67698      272
 27.67698      271
 27.7092       270
 27.74142      269
 27.74142      268
 27.77364      267
 27.80586      266
 27.83808      265
 27.8703       264
 27.8703       262
 27.90252      261
 27.93474      259
 27.96696      257
 27.96696      256
 27.99918      254
 28.0314       252
 28.06362      250
 28.09584      248
