 0             0
 0             0
 0             0
 0             0
 0             0
 0             0
 0             0
 0             0
 0             0
 0             0
 0             0
 0             0
 0             0
 0             0
 0             0
 0             0
 0             0
 0             0
 3.222e-002    0
 3.222e-002    0
 6.444e-002    0
 9.666e-002    0
 9.666e-002    0
 0.12888       0
 0.1611        0
 0.1611        0
 0.19332       0
 0.19332       0
 0.22554       0
 0.25776       0
 0.25776       0
 0.28998       0
 0.3222        0
 0.35442       0
 0.35442       0
 0.38664       0
 0.41886       0
 0.41886       0
 0.45108       0
 0.4833        0
 0.51552       0
 0.51552       0
 0.54774       0
 0.57996       0
 0.57996       0
 0.61218       0
 0.6444        0
 0.6444        0
 0.67662       0
 0.70884       0
 0.74106       0
 0.74106       0
 0.77328       0
 0.8055        0
 0.8055        0
 0.83772       0
 0.86994       0
 0.90216       0
 0.90216       0
 0.93438       0
 0.9666        0
 0.99882       0
 0.99882       0
 1.03104       0
 1.06326       0
 1.06326       0
 1.09548       0
 1.1277        0
 1.15992       0
 1.15992       0
 1.19214       0
 1.22436       0
 1.22436       0
 1.25658       0
 1.2888        0
 1.32102       0
 1.32102       0
 1.35324       0
 1.38546       0
 1.41768       0
 1.41768       0
 1.4499        0
 1.48212       0
 1.48212       0
 1.51434       0
 1.54656       0
 1.57878       0
 1.57878       0
 1.611         2
 1.64322       4
 1.67544       6
 1.67544       9
 1.70766       12
 1.73988       16
 1.73988       20
 1.7721        23
 1.80432       28
 1.83654       33
 1.83654       38
 1.86876       44
 1.90098       51
 1.9332        55
 1.9332        60
 1.96542       67
 1.99764       74
 1.99764       81
 2.02986       87
 2.06208       93
 2.0943        99
 2.0943        104
 2.12652       109
 2.15874       114
 2.19096       118
 2.19096       122
 2.22318       126
 2.2554        130
 2.2554        133
 2.28762       137
 2.31984       140
 2.35206       143
 2.35206       146
 2.38428       149
 2.4165        153
 2.44872       155
 2.44872       158
 2.48094       161
 2.51316       164
 2.51316       167
 2.54538       170
 2.5776        172
 2.60982       175
 2.60982       178
 2.64204       180
 2.67426       183
 2.70648       185
 2.70648       188
 2.7387        190
 2.77092       192
 2.77092       195
 2.80314       197
 2.83536       199
 2.86758       202
 2.86758       204
 2.8998        206
 2.93202       209
 2.93202       210
 2.96424       212
 2.99646       214
 3.02868       216
 3.02868       218
 3.0609        220
 3.09312       222
 3.12534       224
 3.12534       225
 3.15756       227
 3.18978       229
 3.18978       230
 3.25422       232
 3.28644       234
 3.28644       235
 3.31866       237
 3.35088       239
 3.3831        241
 3.3831        244
 3.41532       245
 3.44754       247
 3.44754       248
 3.47976       250
 3.51198       251
 3.5442        252
 3.5442        254
 3.57642       255
 3.60864       256
 3.60864       258
 3.64086       259
 3.67308       261
 3.7053        262
 3.7053        263
 3.73752       265
 3.76974       266
 3.76974       268
 3.80196       269
 3.83418       270
 3.8664        272
 3.8664        273
 3.89862       275
 3.93084       276
 3.93084       278
 3.96306       279
 3.99528       281
 4.0275        282
 4.0275        283
 4.05972       285
 4.09194       286
 4.12416       288
 4.12416       289
 4.15638       290
 4.1886        292
 4.1886        293
 4.22082       295
 4.25304       296
 4.25304       298
 4.28526       299
 4.31748       301
 4.3497        303
 4.3497        304
 4.38192       306
 4.41414       307
 4.41414       308
 4.44636       310
 4.47858       311
 4.5108        312
 4.5108        313
 4.54302       315
 4.57524       316
 4.57524       317
 4.60746       319
 4.63968       320
 4.6719        321
 4.6719        323
 4.70412       324
 4.73634       325
 4.73634       326
 4.76856       328
 4.80078       329
 4.833         331
 4.833         332
 4.86522       334
 4.89744       336
 4.89744       337
 4.92966       338
 4.96188       340
 4.96188       341
 4.9941        342
 5.02632       344
 5.05854       345
 5.05854       347
 5.09076       349
 5.12298       350
 5.12298       351
 5.1552        353
 5.18742       354
 5.21964       355
 5.21964       356
 5.25186       358
 5.28408       359
 5.28408       360
 5.3163        361
 5.34852       362
 5.34852       364
 5.38074       365
 5.41296       366
 5.44518       367
 5.44518       369
 5.4774        370
 5.50962       371
 5.50962       373
 5.54184       374
 5.57406       376
 5.57406       378
 5.60628       379
 5.6385        380
 5.67072       381
 5.67072       383
 5.70294       384
 5.73516       385
 5.73516       386
 5.76738       387
 5.7996        388
 5.83182       389
 5.83182       391
 5.86404       392
 5.89626       393
 5.89626       394
 5.92848       395
 5.9607        397
 5.99292       398
 5.99292       400
 6.02514       401
 6.05736       402
 6.05736       405
 6.08958       407
 6.1218        410
 6.1218        413
 6.15402       415
 6.18624       416
 6.18624       417
 6.21846       418
 6.25068       419
 6.2829        420
 6.2829        421
 6.31512       422
 6.34734       422
 6.34734       423
 6.37956       424
 6.41178       425
 6.41178       426
 6.444         427
 6.50844       428
 6.50844       429
 6.54066       430
 6.57288       432
 6.57288       433
 6.6051        434
 6.63732       435
 6.66954       436
 6.66954       437
 6.70176       438
 6.73398       439
 6.73398       440
 6.7662        441
 6.79842       442
 6.79842       443
 6.83064       444
 6.86286       446
 6.89508       447
 6.89508       448
 6.9273        448
 6.95952       449
 6.95952       450
 6.99174       452
 7.02396       453
 7.02396       454
 7.05618       456
 7.0884        457
 7.0884        458
 7.12062       459
 7.15284       459
 7.18506       459
 7.18506       460
 7.21728       460
 7.2495        461
 7.2495        462
 7.28172       464
 7.31394       464
 7.31394       465
 7.34616       466
 7.37838       466
 7.4106        466
 7.4106        467
 7.44282       467
 7.47504       468
 7.47504       469
 7.50726       470
 7.53948       472
 7.53948       472
 7.5717        474
 7.60392       474
 7.60392       474
 7.63614       474
 7.66836       473
 7.66836       473
 7.70058       474
 7.7328        474
 7.76502       475
 7.76502       475
 7.79724       476
 7.82946       476
 7.82946       476
 7.86168       477
 7.8939        478
 7.8939        479
 7.92612       479
 7.95834       480
 7.95834       480
 7.99056       480
 8.02278       480
 8.02278       480
 8.055         480
 8.08722       480
 8.08722       480
 8.11944       480
 8.15166       480
 8.18388       480
 8.18388       480
 8.2161        480
 8.24832       479
 8.24832       479
 8.28054       479
 8.31276       479
 8.31276       480
 8.34498       480
 8.3772        481
 8.3772        481
 8.40942       482
 8.44164       481
 8.44164       481
 8.47386       480
 8.50608       480
 8.50608       480
 8.5383        480
 8.57052       481
 8.57052       482
 8.60274       483
 8.63496       483
 8.63496       483
 8.66718       482
 8.6994        482
 8.73162       481
 8.73162       480
 8.76384       480
 8.79606       480
 8.79606       480
 8.82828       480
 8.8605        486
 8.8605        489
 8.89272       489
 8.92494       489
 8.92494       488
 8.95716       487
 8.98938       486
 8.98938       485
 9.0216        484
 9.05382       483
 9.05382       482
 9.08604       481
 9.11826       481
 9.11826       480
 9.15048       480
 9.1827        480
 9.1827        480
 9.21492       481
 9.24714       481
 9.24714       482
 9.27936       483
 9.31158       483
 9.31158       484
 9.3438        484
 9.37602       484
 9.37602       485
 9.40824       486
 9.44046       486
 9.47268       486
 9.47268       487
 9.5049        487
 9.5049        483
 9.53712       478
 9.56934       476
 9.60156       477
 9.60156       477
 9.63378       478
 9.666         480
 9.666         481
 9.69822       482
 9.73044       484
 9.76266       485
 9.79488       487
 9.79488       489
 9.8271        490
 9.85932       491
 9.85932       491
 9.89154       492
 9.92376       493
 9.92376       493
 9.95598       495
 9.9882        495
 9.9882        495
 10.02042      495
 10.05264      495
 10.05264      496
 10.08486      497
 10.11708      498
 10.11708      498
 10.1493       499
 10.18152      500
 10.18152      501
 10.21374      502
 10.24596      503
 10.24596      503
 10.27818      505
 10.3104       505
 10.3104       506
 10.34262      506
 10.37484      505
 10.37484      506
 10.40706      507
 10.43928      507
 10.43928      509
 10.4715       509
 10.50372      510
 10.50372      510
 10.53594      510
 10.56816      512
 10.56816      513
 10.60038      514
 10.6326       514
 10.6326       515
 10.66482      515
 10.69704      514
 10.69704      514
 10.72926      514
 10.76148      514
 10.76148      516
 10.7937       516
 10.82592      517
 10.82592      518
 10.85814      519
 10.89036      520
 10.89036      520
 10.92258      520
 10.9548       521
 10.9548       521
 10.98702      523
 11.01924      523
 11.01924      523
 11.05146      523
 11.08368      523
 11.08368      524
 11.1159       524
 11.14812      525
 11.14812      527
 11.18034      528
 11.21256      529
 11.21256      530
 11.24478      531
 11.277        530
 11.277        530
 11.30922      531
 11.34144      531
 11.34144      531
 11.37366      530
 11.40588      530
 11.40588      530
 11.4381       529
 11.4381       529
 11.47032      529
 11.50254      529
 11.50254      528
 11.53476      527
 11.56698      526
 11.56698      526
 11.5992       527
 11.63142      527
 11.63142      527
 11.66364      526
 11.69586      525
 11.69586      525
 11.72808      525
 11.7603       524
 11.7603       522
 11.79252      522
 11.82474      521
 11.82474      520
 11.85696      519
 11.88918      518
 11.88918      516
 11.9214       514
 11.95362      512
 11.95362      511
 11.98584      508
 12.01806      505
 12.01806      503
 12.05028      500
 12.0825       498
 12.0825       495
 12.11472      492
 12.11472      489
 12.14694      484
 12.17916      480
 12.17916      475
 12.21138      471
 12.2436       469
 12.2436       464
 12.27582      463
 12.30804      408
 12.30804      370
 12.34026      355
 12.37248      349
 12.37248      347
 12.4047       345
 12.43692      343
 12.43692      340
 12.46914      335
 12.50136      330
 12.50136      324
 12.53358      318
 12.53358      312
 12.5658       305
 12.59802      296
 12.59802      287
 12.63024      280
 12.66246      270
 12.66246      261
 12.69468      251
 12.7269       239
 12.7269       229
 12.75912      217
 12.79134      206
 12.79134      193
 12.82356      182
 12.85578      171
 12.85578      159
 12.888        147
 12.888        135
 12.92022      122
 12.95244      110
 12.95244      96
 13.01688      84
 13.0491       72
 13.0491       60
 13.08132      49
 13.08132      34
 13.11354      21
 13.14576      6
 13.14576      0
 13.17798      0
 13.2102       0
 13.2102       0
 13.24242      0
 13.27464      0
 13.27464      0
 13.30686      0
 13.33908      0
 13.33908      0
 13.3713       0
 13.40352      0
 13.40352      0
 13.43574      0
 13.43574      0
 13.46796      0
 13.50018      0
 13.50018      0
 13.5324       0
 13.56462      0
 13.56462      0
 13.59684      0
 13.62906      0
 13.62906      0
 13.66128      0
 13.66128      0
 13.6935       0
 13.72572      0
 13.72572      0
 13.75794      0
 13.79016      0
 13.79016      0
 13.82238      0
 13.8546       0
 13.8546       0
 13.88682      0
 13.88682      0
 13.91904      0
 13.95126      0
 13.95126      0
 13.98348      0
 14.0157       0
 14.0157       0
 14.04792      0
 14.08014      0
 14.08014      0
 14.11236      0
 14.11236      0
 14.14458      0
 14.1768       0
 14.1768       0
 14.20902      0
 14.24124      0
 14.24124      0
 14.27346      0
 14.27346      0
 14.27346      0
 14.30568      0
 14.3379       0
 14.3379       0
 14.37012      0
 14.37012      0
 14.40234      0
 14.43456      0
 14.43456      0
 14.46678      0
 14.46678      0
 14.499        0
 14.53122      0
 14.53122      0
 14.56344      0
 14.56344      0
 14.59566      0
 14.62788      0
 14.62788      0
 14.6601       0
 14.69232      0
 14.69232      0
 14.72454      0
 14.72454      0
 14.75676      0
 14.78898      0
 14.78898      0
 14.8212       0
 14.8212       0
 14.85342      0
 14.88564      0
 14.88564      0
 14.91786      0
 14.95008      0
 14.95008      0
 14.9823       0
 14.9823       0
 15.01452      0
 15.04674      0
 15.04674      0
 15.07896      0
 15.07896      0
 15.11118      0
 15.1434       0
 15.1434       0
 15.17562      0
 15.17562      0
 15.20784      0
 15.24006      0
 15.24006      0
 15.27228      0
 15.27228      0
 15.3045       0
 15.33672      0
 15.33672      0
 15.36894      0
 15.36894      0
 15.40116      0
 15.43338      0
 15.43338      0
 15.4656       0
 15.49782      0
 15.49782      0
 15.53004      0
 15.53004      0
 15.56226      0
 15.59448      0
 15.59448      0
 15.6267       0
 15.6267       0
 15.65892      0
 15.69114      0
 15.69114      0
 15.72336      0
 15.72336      0
 15.75558      0
 15.7878       0
 15.7878       0
 15.82002      0
 15.82002      0
 15.85224      0
 15.88446      0
 15.88446      0
 15.91668      0
 15.9489       0
 15.9489       0
 15.98112      0
 15.98112      0
 16.01334      0
 16.04556      0
 16.04556      0
 16.07778      0
 16.07778      0
 16.11         0
 16.14222      0
 16.14222      0
 16.17444      0
 16.17444      0
 16.20666      0
 16.23888      0
 16.2711       0
 16.30332      0
 16.30332      0
 16.33554      0
 16.33554      0
 16.36776      0
 16.39998      0
 16.39998      0
 16.4322       0
 16.4322       0
 16.46442      0
 16.49664      0
 16.49664      0
 16.52886      0
 16.52886      0
 16.56108      0
 16.5933       0
 16.5933       0
 16.62552      0
 16.62552      0
 16.65774      0
 16.65774      0
 16.68996      0
 16.72218      0
 16.72218      0
 16.7544       0
 16.78662      0
 16.78662      0
 16.81884      0
 16.81884      0
 16.85106      0
 16.88328      0
 16.88328      0
 16.9155       0
 16.9155       0
 16.94772      0
 16.94772      0
 16.97994      0
 17.01216      0
 17.01216      0
 17.04438      0
 17.04438      0
 17.0766       0
 17.10882      0
 17.10882      0
 17.14104      0
 17.14104      0
 17.17326      0
 17.20548      0
 17.20548      0
 17.2377       0
 17.2377       0
 17.26992      0
 17.30214      0
 17.30214      0
 17.33436      0
 17.33436      0
 17.36658      0
 17.3988       0
 17.3988       0
 17.43102      0
 17.43102      0
 17.46324      0
 17.46324      0
 17.49546      0
 17.52768      0
 17.52768      0
 17.5599       0
 17.5599       0
 17.59212      0
 17.62434      0
 17.62434      0
 17.65656      0
 17.65656      0
 17.68878      0
 17.721        0
 17.721        0
 17.75322      0
 17.75322      0
 17.78544      0
 17.81766      0
 17.81766      0
 17.84988      0
 17.84988      0
 17.8821       0
 17.8821       0
 17.91432      0
 17.94654      0
 17.94654      0
 17.97876      0
 17.97876      0
 18.01098      0
 18.0432       0
 18.0432       0
 18.07542      0
 18.07542      0
 18.10764      0
 18.10764      0
 18.13986      0
 18.17208      0
 18.17208      0
 18.2043       0
 18.2043       0
 18.23652      0
 18.26874      0
 18.26874      0
 18.30096      0
 18.30096      0
 18.33318      0
 18.33318      0
 18.3654       0
 18.39762      0
 18.39762      0
 18.42984      0
 18.42984      0
 18.46206      0
 18.46206      0
 18.49428      0
 18.5265       0
 18.5265       0
 18.55872      0
 18.55872      0
 18.59094      0
 18.62316      0
 18.62316      0
 18.65538      0
 18.65538      0
 18.6876       0
 18.6876       0
 18.71982      0
 18.75204      0
 18.75204      0
 18.78426      0
 18.78426      0
 18.81648      0
 18.81648      0
 18.8487       0
 18.88092      0
 18.88092      0
 18.91314      0
 18.91314      0
 18.94536      0
 18.94536      0
 18.97758      0
 19.0098       0
 19.0098       0
 19.04202      0
 19.04202      0
 19.07424      0
 19.10646      0
 19.10646      0
 19.13868      0
 19.13868      0
 19.1709       0
 19.1709       0
 19.20312      0
 19.20312      0
 19.23534      0
 19.26756      0
 19.26756      0
 19.29978      0
 19.29978      0
 19.332        0
 19.36422      0
 19.36422      0
 19.39644      0
 19.39644      0
 19.42866      0
 19.42866      0
 19.46088      0
 19.4931       0
 19.52532      0
 19.52532      0
 19.55754      0
 19.58976      0
 19.58976      0
 19.62198      0
 19.62198      0
 19.6542       0
 19.6542       0
 19.68642      0
 19.71864      0
 19.71864      0
 19.75086      0
 19.75086      0
 19.78308      0
 19.78308      0
 19.8153       0
 19.84752      0
 19.84752      0
 19.87974      0
 19.87974      0
 19.91196      0
 19.91196      0
 19.94418      0
 19.94418      0
 19.9764       0
 20.00862      0
 20.00862      0
 20.04084      0
 20.04084      0
 20.07306      0
 20.07306      0
 20.10528      0
 20.1375       0
 20.1375       0
 20.16972      0
 20.16972      0
 20.20194      0
 20.20194      0
 20.23416      0
 20.26638      0
 20.26638      0
 20.2986       0
 20.2986       0
 20.33082      0
 20.33082      0
 20.36304      0
 20.36304      0
 20.39526      0
 20.42748      0
 20.42748      0
 20.4597       0
 20.4597       0
 20.49192      0
 20.49192      0
 20.52414      0
 20.52414      0
 20.55636      0
 20.58858      0
 20.58858      0
 20.6208       0
 20.6208       0
 20.65302      0
 20.65302      0
 20.68524      0
 20.68524      0
 20.71746      0
 20.74968      0
 20.74968      0
 20.7819       0
 20.7819       0
 20.81412      0
 20.81412      0
 20.84634      0
 20.84634      0
 20.87856      0
 20.91078      0
 20.91078      0
 20.943        0
 20.943        0
 20.97522      0
 20.97522      0
 21.00744      0
 21.00744      0
 21.03966      0
 21.07188      0
 21.07188      0
 21.1041       0
 21.1041       0
 21.13632      0
 21.13632      0
 21.16854      0
 21.16854      0
