 0             0
 0             0
 0             0
 0             0
 0             0
 0             0
 0             0
 0             0
 0             0
 0             0
 3.222e-002    0
 6.444e-002    0
 6.444e-002    0
 9.666e-002    0
 0.12888       0
 0.12888       0
 0.1611        0
 0.19332       0
 0.22554       0
 0.25776       0
 0.28998       0
 0.28998       0
 0.3222        0
 0.35442       0
 0.38664       0
 0.41886       0
 0.45108       0
 0.45108       0
 0.51552       0
 0.51552       0
 0.54774       0
 0.57996       0
 0.61218       0
 0.6444        0
 0.67662       0
 0.67662       0
 0.70884       0
 0.74106       0
 0.77328       0
 0.8055        0
 0.83772       0
 0.83772       0
 0.86994       0
 0.90216       0
 0.93438       0
 0.9666        0
 0.99882       0
 0.99882       0
 1.06326       0
 1.06326       0
 1.09548       0
 1.1277        0
 1.15992       0
 1.19214       0
 1.22436       0
 1.22436       0
 1.25658       0
 1.2888        0
 1.32102       0
 1.35324       0
 1.38546       0
 1.41768       0
 1.4499        0
 1.4499        0
 1.48212       0
 1.51434       0
 1.54656       0
 1.57878       0
 1.611         0
 1.611         0
 1.67544       0
 1.67544       0
 1.70766       0
 1.73988       0
 1.7721        0
 1.80432       0
 1.83654       0
 1.86876       0
 1.86876       0
 1.90098       0
 1.9332        0
 1.96542       0
 1.99764       0
 2.02986       0
 2.06208       0
 2.0943        0
 2.0943        0
 2.15874       0
 2.15874       0
 2.19096       0
 2.22318       0
 2.2554        0
 2.28762       0
 2.31984       0
 2.35206       0
 2.35206       0
 2.38428       0
 2.4165        0
 2.44872       2
 2.48094       6
 2.51316       8
 2.54538       9
 2.5776        9
 2.60982       9
 2.64204       9
 2.64204       9
 2.67426       8
 2.70648       8
 2.7387        7
 2.77092       6
 2.80314       6
 2.83536       5
 2.86758       5
 2.8998        4
 2.8998        4
 2.96424       4
 2.96424       3
 2.99646       3
 3.02868       3
 3.0609        3
 3.09312       3
 3.12534       2
 3.15756       2
 3.18978       2
 3.222         2
 3.25422       2
 3.28644       2
 3.31866       2
 3.35088       2
 3.3831        1
 3.41532       0
 3.44754       0
 3.47976       0
 3.51198       0
 3.51198       1
 3.5442        1
 3.57642       1
 3.60864       1
 3.64086       2
 3.67308       2
 3.7053        3
 3.73752       3
 3.76974       3
 3.80196       4
 3.80196       4
 3.83418       4
 3.8664        4
 3.89862       5
 3.93084       5
 3.96306       5
 3.99528       6
 4.0275        6
 4.05972       6
 4.09194       7
 4.09194       7
 4.12416       7
 4.15638       8
 4.1886        8
 4.22082       8
 4.25304       9
 4.28526       9
 4.31748       9
 4.3497        10
 4.38192       10
 4.38192       11
 4.41414       11
 4.44636       12
 4.47858       13
 4.5108        13
 4.54302       14
 4.57524       14
 4.60746       15
 4.63968       15
 4.6719        16
 4.70412       16
 4.70412       17
 4.73634       17
 4.76856       18
 4.80078       19
 4.833         19
 4.86522       20
 4.89744       21
 4.92966       21
 4.96188       23
 4.9941        27
 4.9941        30
 5.02632       31
 5.05854       32
 5.09076       33
 5.12298       33
 5.1552        33
 5.18742       34
 5.21964       34
 5.25186       34
 5.28408       35
 5.28408       35
 5.3163        36
 5.34852       37
 5.38074       37
 5.41296       38
 5.44518       39
 5.4774        40
 5.50962       41
 5.54184       42
 5.57406       43
 5.57406       44
 5.60628       45
 5.6385        46
 5.67072       47
 5.70294       49
 5.73516       50
 5.76738       51
 5.7996        52
 5.83182       54
 5.86404       55
 5.86404       57
 5.89626       58
 5.92848       60
 5.9607        61
 5.99292       63
 6.02514       64
 6.05736       66
 6.08958       68
 6.1218        69
 6.1218        71
 6.15402       73
 6.18624       75
 6.21846       76
 6.25068       78
 6.2829        80
 6.31512       82
 6.34734       84
 6.37956       86
 6.41178       88
 6.444         90
 6.444         92
 6.50844       94
 6.54066       97
 6.57288       99
 6.6051        102
 6.63732       104
 6.66954       106
 6.70176       109
 6.70176       111
 6.73398       113
 6.7662        116
 6.79842       118
 6.83064       121
 6.86286       123
 6.89508       126
 6.9273        128
 6.95952       131
 6.95952       133
 6.99174       136
 7.02396       138
 7.05618       141
 7.0884        143
 7.12062       146
 7.15284       148
 7.18506       151
 7.21728       153
 7.21728       155
 7.2495        158
 7.28172       160
 7.31394       162
 7.34616       164
 7.37838       166
 7.4106        168
 7.44282       169
 7.47504       171
 7.50726       172
 7.50726       174
 7.53948       175
 7.5717        176
 7.60392       177
 7.63614       177
 7.66836       178
 7.70058       179
 7.7328        179
 7.76502       179
 7.76502       179
 7.79724       179
 7.82946       179
 7.86168       179
 7.8939        179
 7.92612       178
 7.95834       177
 7.99056       177
 8.02278       176
 8.02278       175
 8.055         174
 8.08722       173
 8.11944       172
 8.15166       170
 8.18388       169
 8.2161        167
 8.24832       166
 8.24832       164
 8.28054       162
 8.31276       161
 8.34498       159
 8.3772        157
 8.40942       155
 8.44164       153
 8.47386       151
 8.50608       149
 8.50608       147
 8.5383        145
 8.57052       143
 8.60274       141
 8.63496       139
 8.66718       137
 8.6994        135
 8.73162       133
 8.76384       131
 8.76384       129
 8.79606       128
 8.82828       126
 8.8605        124
 8.89272       123
 8.92494       122
 8.95716       120
 8.98938       119
 8.98938       118
 9.0216        117
 9.05382       116
 9.08604       115
 9.11826       114
 9.15048       114
 9.1827        113
 9.21492       112
 9.24714       112
 9.24714       112
 9.27936       111
 9.31158       111
 9.3438        111
 9.37602       111
 9.40824       111
 9.44046       112
 9.47268       112
 9.47268       112
 9.5049        113
 9.53712       113
 9.56934       114
 9.60156       115
 9.63378       116
 9.666         116
 9.69822       117
 9.73044       118
 9.76266       120
 9.79488       121
 9.8271        122
 9.85932       123
 9.89154       125
 9.92376       126
 9.95598       127
 9.95598       129
 9.9882        131
 10.02042      132
 10.05264      134
 10.08486      136
 10.11708      138
 10.1493       139
 10.18152      141
 10.18152      143
 10.21374      145
 10.24596      147
 10.27818      150
 10.3104       152
 10.34262      154
 10.37484      156
 10.37484      159
 10.40706      161
 10.43928      163
 10.4715       166
 10.50372      168
 10.53594      171
 10.56816      173
 10.60038      176
 10.60038      178
 10.6326       181
 10.66482      184
 10.69704      186
 10.72926      189
 10.76148      192
 10.7937       195
 10.82592      198
 10.82592      201
 10.85814      204
 10.89036      207
 10.92258      210
 10.9548       213
 10.98702      216
 11.01924      219
 11.05146      222
 11.05146      225
 11.08368      229
 11.1159       232
 11.14812      235
 11.18034      238
 11.21256      241
 11.24478      245
 11.277        248
 11.277        251
 11.30922      255
 11.34144      258
 11.37366      261
 11.40588      265
 11.4381       268
 11.47032      271
 11.47032      274
 11.50254      277
 11.53476      280
 11.56698      283
 11.5992       287
 11.63142      291
 11.66364      294
 11.69586      298
 11.69586      301
 11.72808      306
 11.7603       309
 11.79252      313
 11.82474      317
 11.85696      320
 11.88918      324
 11.9214       327
 11.9214       331
 11.95362      334
 11.98584      338
 12.01806      341
 12.05028      344
 12.0825       347
 12.11472      350
 12.11472      353
 12.14694      356
 12.17916      359
 12.21138      362
 12.2436       364
 12.27582      367
 12.30804      369
 12.34026      371
 12.34026      373
 12.37248      375
 12.4047       376
 12.43692      378
 12.46914      379
 12.50136      380
 12.50136      381
 12.53358      382
 12.5658       382
 12.59802      383
 12.63024      383
 12.66246      383
 12.69468      383
 12.7269       383
 12.7269       382
 12.75912      381
 12.79134      380
 12.82356      379
 12.85578      378
 12.888        377
 12.92022      375
 12.92022      373
 12.95244      371
 13.01688      369
 13.0491       366
 13.08132      363
 13.11354      360
 13.11354      357
 13.14576      354
 13.17798      350
 13.2102       346
 13.24242      342
 13.27464      337
 13.30686      333
 13.30686      328
 13.33908      323
 13.3713       318
 13.40352      312
 13.43574      307
 13.46796      300
 13.50018      295
 13.50018      289
 13.5324       282
 13.56462      276
 13.59684      270
 13.62906      263
 13.66128      257
 13.6935       251
 13.6935       245
 13.72572      239
 13.75794      233
 13.79016      228
 13.82238      223
 13.8546       218
 13.88682      213
 13.91904      209
 13.91904      205
 13.95126      200
 13.98348      197
 14.0157       194
 14.04792      191
 14.08014      189
 14.08014      187
 14.11236      185
 14.14458      183
 14.1768       182
 14.20902      181
 14.24124      180
 14.27346      179
 14.27346      179
 14.30568      178
 14.3379       178
 14.37012      178
 14.40234      179
 14.43456      179
 14.46678      179
 14.46678      180
 14.499        181
 14.53122      182
 14.56344      183
 14.59566      184
 14.59566      185
 14.62788      187
 14.6601       188
 14.69232      190
 14.72454      191
 14.75676      193
 14.78898      194
 14.8212       196
 14.8212       198
 14.85342      201
 14.88564      203
 14.91786      206
 14.95008      208
 14.9823       210
 14.9823       213
 15.01452      215
 15.04674      218
 15.07896      220
 15.11118      223
 15.1434       226
 15.1434       228
 15.17562      231
 15.20784      234
 15.24006      237
 15.27228      239
 15.3045       242
 15.33672      245
 15.33672      248
 15.36894      251
 15.40116      254
 15.43338      257
 15.4656       260
 15.49782      263
 15.53004      266
 15.53004      269
 15.56226      273
 15.59448      276
 15.6267       279
 15.65892      282
 15.69114      286
 15.69114      289
 15.72336      292
 15.75558      295
 15.7878       299
 15.82002      303
 15.85224      306
 15.85224      310
 15.88446      313
 15.91668      317
 15.9489       320
 15.98112      324
 16.01334      327
 16.04556      331
 16.04556      334
 16.07778      337
 16.11         340
 16.14222      344
 16.17444      348
 16.20666      351
 16.23888      355
 16.2711       359
 16.30332      362
 16.33554      366
 16.36776      370
 16.36776      373
 16.39998      377
 16.4322       381
 16.46442      385
 16.49664      388
 16.52886      392
 16.56108      396
 16.56108      399
 16.5933       404
 16.62552      407
 16.65774      411
 16.68996      415
 16.68996      418
 16.72218      422
 16.7544       426
 16.78662      429
 16.81884      433
 16.85106      436
 16.85106      440
 16.88328      443
 16.9155       447
 16.94772      450
 16.97994      453
 17.01216      456
 17.04438      460
 17.04438      463
 17.0766       466
 17.10882      469
 17.14104      471
 17.17326      474
 17.20548      477
 17.20548      479
 17.2377       482
 17.26992      484
 17.30214      487
 17.33436      489
 17.36658      491
 17.36658      493
 17.3988       495
 17.43102      497
 17.46324      499
 17.49546      501
 17.52768      503
 17.52768      505
 17.5599       506
 17.59212      508
 17.62434      509
 17.65656      510
 17.68878      511
 17.68878      512
 17.721        513
 17.75322      514
 17.78544      514
 17.81766      515
 17.84988      515
 17.84988      515
 17.8821       515
 17.91432      515
 17.94654      515
 17.97876      514
 17.97876      514
 18.01098      513
 18.0432       512
 18.07542      511
 18.10764      510
 18.13986      509
 18.13986      507
 18.17208      506
 18.2043       503
 18.23652      501
 18.26874      499
 18.30096      496
 18.30096      494
 18.33318      491
 18.3654       488
 18.39762      485
 18.42984      481
 18.46206      478
 18.46206      474
 18.49428      470
 18.5265       465
 18.55872      461
 18.59094      456
 18.59094      451
 18.62316      446
 18.65538      440
 18.6876       435
 18.71982      429
 18.75204      422
 18.75204      416
 18.78426      409
 18.81648      401
 18.8487       394
 18.88092      387
 18.88092      379
 18.91314      372
 18.94536      364
 18.97758      356
 19.0098       349
 19.04202      341
 19.04202      334
 19.07424      327
 19.10646      321
 19.13868      315
 19.1709       309
 19.20312      304
 19.20312      298
 19.23534      294
 19.26756      290
 19.29978      286
 19.332        283
 19.36422      281
 19.36422      280
 19.39644      278
 19.42866      276
 19.46088      273
 19.4931       270
 19.52532      267
 19.55754      264
 19.58976      263
 19.62198      261
 19.6542       261
 19.6542       260
 19.68642      260
 19.71864      260
 19.75086      261
 19.78308      262
 19.78308      262
 19.8153       263
 19.84752      265
 19.87974      266
 19.91196      268
 19.94418      269
 19.94418      271
 19.9764       273
 20.00862      275
 20.04084      277
 20.07306      279
 20.07306      281
 20.10528      283
 20.1375       286
 20.16972      288
 20.20194      291
 20.23416      293
 20.23416      296
 20.26638      298
 20.2986       301
 20.33082      305
 20.36304      307
 20.36304      310
 20.39526      313
 20.42748      316
 20.4597       319
 20.49192      322
 20.49192      325
 20.52414      328
 20.55636      331
 20.58858      334
 20.6208       337
 20.65302      340
 20.65302      344
 20.68524      347
 20.71746      350
 20.74968      353
 20.7819       356
 20.7819       360
 20.81412      363
 20.84634      366
 20.87856      370
 20.91078      373
 20.943        377
 20.943        380
 20.97522      383
 21.00744      387
 21.03966      390
 21.07188      394
 21.07188      397
 21.1041       401
 21.13632      405
 21.16854      408
 21.20076      412
 21.20076      416
 21.23298      419
 21.2652       423
 21.29742      426
 21.32964      430
 21.32964      433
 21.36186      437
 21.39408      441
 21.4263       444
 21.45852      448
 21.45852      451
 21.49074      455
 21.52296      458
 21.55518      462
 21.5874       465
 21.5874       469
 21.61962      472
 21.65184      476
 21.68406      479
 21.71628      483
 21.7485       486
 21.7485       490
 21.78072      493
 21.81294      496
 21.84516      500
 21.87738      503
 21.87738      507
 21.9096       510
 21.94182      513
 21.97404      517
 22.00626      520
 22.00626      523
 22.03848      526
 22.0707       529
 22.10292      532
 22.13514      535
 22.13514      537
 22.16736      540
 22.19958      543
 22.2318       546
 22.26402      548
 22.26402      551
 22.29624      553
 22.32846      556
 22.36068      558
 22.3929       561
 22.3929       563
 22.42512      565
 22.45734      567
 22.48956      570
 22.52178      572
 22.52178      574
 22.554        576
 22.58622      578
 22.61844      580
 22.65066      581
 22.65066      583
 22.68288      585
 22.7151       586
 22.77954      588
 22.77954      589
 22.81176      591
 22.84398      592
 22.8762       594
 22.8762       595
 22.90842      596
 22.94064      597
 22.97286      598
 23.00508      599
 23.00508      600
 23.0373       601
 23.06952      602
 23.10174      602
 23.13396      603
 23.13396      603
 23.16618      604
 23.1984       604
 23.23062      604
 23.26284      605
 23.26284      605
 23.29506      606
 23.32728      605
 23.3595       604
 23.39172      604
 23.39172      604
 23.42394      603
 23.45616      603
 23.48838      602
 23.5206       601
 23.5206       601
 23.55282      600
 23.58504      598
 23.61726      597
 23.64948      596
 23.64948      595
 23.6817       593
 23.71392      592
 23.74614      590
 23.74614      588
 23.77836      586
 23.81058      584
 23.8428       582
 23.87502      579
 23.87502      577
 23.90724      574
 23.93946      572
 23.97168      569
 24.0039       566
 24.0039       563
 24.03612      560
 24.06834      556
 24.10056      553
 24.10056      549
 24.13278      545
 24.165        542
 24.19722      538
 24.22944      533
 24.22944      529
 24.26166      525
 24.29388      520
 24.3261       516
 24.35832      511
 24.35832      506
 24.39054      501
 24.42276      496
 24.45498      491
 24.45498      485
 24.4872       480
 24.51942      475
 24.55164      470
 24.58386      464
 24.58386      459
 24.61608      454
 24.6483       449
 24.68052      445
 24.71274      440
 24.71274      436
 24.74496      432
 24.77718      428
 24.8094       425
 24.8094       422
 24.84162      419
 24.87384      416
 24.90606      413
 24.93828      411
 24.93828      409
 24.9705       408
 25.00272      406
 25.00272      405
 25.03494      404
 25.06716      402
 25.09938      402
 25.1316       401
 25.1316       401
 25.16382      401
 25.19604      401
 25.22826      401
 25.26048      402
 25.26048      402
 25.2927       404
 25.32492      404
 25.35714      405
 25.35714      406
 25.38936      407
 25.42158      409
 25.4538       410
 25.48602      412
 25.48602      413
 25.51824      415
 25.55046      416
 25.58268      418
 25.58268      420
 25.6149       422
 25.64712      423
 25.67934      425
 25.71156      428
 25.71156      430
 25.74378      432
 25.776        435
 25.80822      437
 25.80822      440
 25.84044      442
 25.87266      445
 25.90488      447
 25.90488      450
 25.9371       452
 25.96932      455
 26.03376      458
 26.03376      461
 26.06598      463
 26.0982       466
 26.13042      469
 26.13042      472
 26.16264      475
 26.19486      478
 26.22708      481
 26.22708      484
 26.2593       487
 26.29152      490
 26.32374      493
 26.35596      496
 26.35596      499
 26.38818      502
 26.4204       506
 26.45262      509
 26.45262      512
 26.48484      515
 26.51706      518
 26.54928      521
 26.54928      524
 26.5815       527
 26.61372      530
 26.64594      533
 26.67816      536
 26.67816      539
 26.71038      542
 26.7426       545
 26.77482      549
 26.77482      552
 26.80704      555
 26.83926      558
 26.87148      561
 26.87148      563
 26.9037       566
 26.93592      569
 26.96814      572
 26.96814      575
 27.00036      578
 27.03258      581
 27.0648       584
 27.0648       587
 27.09702      589
 27.12924      592
 27.16146      595
 27.19368      598
 27.19368      601
 27.2259       603
 27.25812      607
 27.29034      609
 27.29034      612
 27.32256      615
 27.35478      617
 27.387        620
 27.387        622
 27.41922      625
 27.45144      627
 27.48366      630
 27.48366      632
 27.51588      635
 27.5481       637
 27.58032      639
 27.58032      642
 27.61254      644
 27.64476      646
 27.67698      648
 27.67698      651
 27.7092       653
