 0             0
 0             0
 0             0
 0             0
 0             0
 0             0
 0             0
 0             0
 0             0
 0             0
 3.222e-002    0
 3.222e-002    0
 6.444e-002    0
 9.666e-002    0
 0.12888       0
 0.12888       0
 0.1611        0
 0.19332       0
 0.22554       0
 0.25776       0
 0.25776       0
 0.28998       0
 0.3222        0
 0.35442       0
 0.38664       0
 0.41886       0
 0.41886       0
 0.4833        0
 0.4833        0
 0.51552       0
 0.54774       0
 0.57996       0
 0.61218       0
 0.6444        0
 0.6444        0
 0.67662       0
 0.70884       0
 0.74106       0
 0.77328       0
 0.8055        0
 0.83772       0
 0.86994       0
 0.90216       0
 0.90216       0
 0.93438       0
 0.9666        0
 0.99882       0
 1.03104       0
 1.06326       0
 1.09548       0
 1.1277        0
 1.1277        0
 1.15992       0
 1.19214       0
 1.22436       0
 1.25658       0
 1.2888        0
 1.32102       0
 1.35324       0
 1.38546       0
 1.38546       0
 1.4499        0
 1.4499        0
 1.48212       0
 1.51434       0
 1.54656       0
 1.57878       0
 1.611         0
 1.611         0
 1.67544       0
 1.67544       0
 1.70766       0
 1.73988       0
 1.7721        0
 1.80432       0
 1.83654       0
 1.86876       0
 1.90098       0
 1.9332        0
 1.9332        0
 1.96542       0
 1.99764       0
 2.02986       0
 2.06208       0
 2.0943        0
 2.12652       0
 2.15874       0
 2.19096       0
 2.22318       0
 2.2554        0
 2.2554        0
 2.28762       0
 2.31984       1
 2.35206       1
 2.38428       0
 2.4165        1
 2.44872       1
 2.48094       1
 2.51316       1
 2.54538       1
 2.5776        1
 2.5776        1
 2.60982       1
 2.64204       1
 2.67426       1
 2.70648       1
 2.7387        1
 2.77092       1
 2.80314       1
 2.83536       1
 2.86758       1
 2.8998        1
 2.93202       1
 2.93202       1
 2.96424       1
 2.99646       1
 3.02868       1
 3.0609        1
 3.09312       1
 3.12534       1
 3.15756       1
 3.18978       1
 3.25422       1
 3.28644       1
 3.31866       1
 3.31866       1
 3.35088       1
 3.3831        1
 3.41532       1
 3.44754       1
 3.47976       1
 3.51198       1
 3.5442        1
 3.57642       1
 3.60864       1
 3.64086       1
 3.67308       1
 3.67308       1
 3.73752       1
 3.73752       1
 3.76974       1
 3.80196       1
 3.83418       1
 3.8664        1
 3.89862       1
 3.93084       1
 3.96306       1
 3.99528       1
 4.0275        1
 4.05972       1
 4.09194       1
 4.09194       1
 4.12416       2
 4.15638       2
 4.1886        2
 4.22082       2
 4.25304       2
 4.28526       2
 4.31748       2
 4.3497        2
 4.38192       2
 4.41414       2
 4.44636       2
 4.47858       2
 4.47858       2
 4.5108        2
 4.54302       2
 4.57524       2
 4.60746       2
 4.63968       2
 4.6719        2
 4.70412       2
 4.73634       2
 4.76856       2
 4.80078       2
 4.833         2
 4.86522       2
 4.89744       2
 4.89744       2
 4.92966       2
 4.96188       2
 4.9941        2
 5.02632       2
 5.05854       2
 5.09076       2
 5.12298       2
 5.1552        2
 5.18742       2
 5.21964       2
 5.21964       2
 5.25186       3
 5.28408       3
 5.3163        3
 5.34852       3
 5.38074       3
 5.41296       3
 5.44518       3
 5.4774        3
 5.50962       3
 5.54184       3
 5.57406       3
 5.60628       3
 5.60628       3
 5.6385        3
 5.67072       3
 5.70294       3
 5.73516       3
 5.76738       3
 5.7996        3
 5.83182       3
 5.86404       3
 5.89626       3
 5.92848       3
 5.9607        3
 5.9607        3
 5.99292       3
 6.02514       3
 6.05736       4
 6.08958       4
 6.1218        4
 6.15402       4
 6.18624       4
 6.21846       4
 6.25068       4
 6.2829        4
 6.2829        4
 6.31512       4
 6.34734       4
 6.37956       4
 6.41178       4
 6.444         4
 6.50844       4
 6.54066       4
 6.57288       4
 6.6051        4
 6.63732       4
 6.63732       5
 6.66954       5
 6.70176       5
 6.73398       5
 6.7662        5
 6.79842       5
 6.83064       5
 6.86286       5
 6.89508       5
 6.9273        5
 6.95952       5
 6.95952       5
 6.99174       5
 7.02396       5
 7.05618       6
 7.0884        6
 7.12062       6
 7.15284       6
 7.18506       6
 7.21728       6
 7.2495        6
 7.28172       6
 7.28172       6
 7.31394       6
 7.34616       6
 7.37838       6
 7.4106        6
 7.44282       6
 7.47504       6
 7.50726       6
 7.53948       6
 7.5717        6
 7.5717        6
 7.63614       6
 7.63614       6
 7.66836       6
 7.70058       6
 7.7328        6
 7.76502       6
 7.79724       6
 7.82946       6
 7.86168       6
 7.8939        6
 7.92612       6
 7.92612       6
 7.95834       6
 7.99056       5
 8.02278       7
 8.055         9
 8.08722       9
 8.11944       10
 8.15166       10
 8.18388       9
 8.2161        9
 8.2161        9
 8.24832       9
 8.28054       8
 8.31276       8
 8.34498       8
 8.3772        7
 8.40942       7
 8.44164       7
 8.47386       7
 8.50608       6
 8.5383        6
 8.5383        6
 8.57052       6
 8.60274       6
 8.63496       6
 8.66718       5
 8.6994        5
 8.73162       5
 8.76384       5
 8.79606       5
 8.79606       5
 8.82828       5
 8.8605        5
 8.89272       5
 8.92494       5
 8.95716       5
 8.98938       5
 9.0216        5
 9.05382       5
 9.08604       5
 9.11826       5
 9.11826       5
 9.15048       5
 9.1827        5
 9.21492       5
 9.24714       5
 9.27936       5
 9.31158       5
 9.3438        5
 9.37602       5
 9.37602       5
 9.40824       5
 9.44046       6
 9.47268       6
 9.5049        6
 9.53712       6
 9.56934       6
 9.60156       6
 9.63378       6
 9.666         6
 9.69822       6
 9.69822       6
 9.76266       6
 9.79488       6
 9.8271        6
 9.85932       6
 9.89154       6
 9.92376       6
 9.95598       6
 9.95598       6
 9.9882        6
 10.02042      6
 10.05264      6
 10.08486      7
 10.11708      8
 10.1493       8
 10.18152      9
 10.21374      9
 10.21374      9
 10.24596      9
 10.27818      9
 10.3104       8
 10.34262      8
 10.37484      8
 10.40706      8
 10.43928      8
 10.43928      8
 10.4715       8
 10.50372      8
 10.53594      8
 10.56816      8
 10.60038      8
 10.6326       8
 10.66482      8
 10.69704      8
 10.72926      8
 10.76148      8
 10.76148      8
 10.7937       8
 10.82592      8
 10.85814      8
 10.89036      8
 10.92258      9
 10.9548       9
 10.98702      9
 11.01924      9
 11.01924      9
 11.05146      9
 11.08368      10
 11.1159       10
 11.14812      11
 11.18034      11
 11.21256      11
 11.24478      11
 11.277        11
 11.277        11
 11.30922      11
 11.34144      11
 11.37366      11
 11.40588      11
 11.4381       11
 11.47032      11
 11.50254      12
 11.50254      12
 11.53476      12
 11.56698      12
 11.5992       12
 11.63142      12
 11.66364      12
 11.69586      12
 11.72808      12
 11.7603       12
 11.7603       12
 11.79252      13
 11.82474      13
 11.85696      13
 11.88918      13
 11.9214       13
 11.95362      13
 11.98584      13
 12.01806      13
 12.01806      13
 12.05028      13
 12.0825       13
 12.11472      13
 12.14694      13
 12.17916      13
 12.21138      13
 12.2436       13
 12.27582      13
 12.27582      14
 12.30804      14
 12.34026      14
 12.37248      14
 12.4047       14
 12.43692      13
 12.46914      13
 12.50136      13
 12.50136      13
 12.53358      13
 12.5658       13
 12.59802      13
 12.63024      12
 12.66246      12
 12.69468      12
 12.7269       12
 12.7269       12
 12.75912      11
 12.79134      11
 12.82356      11
 12.85578      11
 12.888        11
 12.92022      11
 12.95244      11
 12.98466      10
 13.01688      10
 13.0491       10
 13.08132      10
 13.11354      10
 13.14576      10
 13.17798      10
 13.17798      10
 13.2102       10
 13.24242      9
 13.27464      9
 13.30686      9
 13.33908      9
 13.3713       9
 13.40352      9
 13.40352      9
 13.43574      9
 13.46796      9
 13.50018      9
 13.5324       9
 13.56462      9
 13.59684      9
 13.62906      9
 13.66128      9
 13.66128      9
 13.6935       8
 13.72572      8
 13.75794      8
 13.79016      8
 13.82238      8
 13.8546       8
 13.88682      8
 13.88682      8
 13.91904      8
 13.95126      8
 13.98348      8
 14.0157       8
 14.04792      8
 14.08014      8
 14.08014      8
 14.11236      8
 14.14458      8
 14.1768       8
 14.20902      8
 14.24124      8
 14.27346      9
 14.30568      9
 14.30568      9
 14.3379       9
 14.37012      9
 14.40234      9
 14.43456      9
 14.46678      9
 14.499        9
 14.53122      9
 14.53122      9
 14.56344      9
 14.59566      9
 14.62788      9
 14.6601       9
 14.69232      9
 14.72454      10
 14.72454      10
 14.75676      10
 14.78898      10
 14.8212       10
 14.85342      10
 14.88564      10
 14.91786      10
 14.91786      10
 14.95008      11
 14.9823       11
 15.01452      11
 15.04674      11
 15.07896      11
 15.11118      11
 15.1434       11
 15.1434       12
 15.17562      13
 15.20784      14
 15.24006      14
 15.27228      14
 15.3045       14
 15.33672      14
 15.33672      14
 15.36894      14
 15.40116      14
 15.43338      14
 15.4656       14
 15.49782      14
 15.53004      14
 15.53004      14
 15.56226      14
 15.59448      14
 15.6267       14
 15.65892      14
 15.69114      14
 15.72336      14
 15.75558      14
 15.75558      15
 15.7878       15
 15.82002      15
 15.85224      15
 15.88446      15
 15.91668      15
 15.9489       15
 15.9489       16
 15.98112      16
 16.01334      16
 16.04556      16
 16.07778      16
 16.11         17
 16.14222      17
 16.14222      17
 16.17444      17
 16.20666      17
 16.2711       17
 16.30332      18
 16.33554      18
 16.33554      18
 16.36776      18
 16.39998      18
 16.4322       19
 16.46442      19
 16.49664      19
 16.52886      19
 16.52886      19
 16.56108      20
 16.5933       20
 16.62552      20
 16.65774      20
 16.68996      20
 16.68996      21
 16.72218      21
 16.7544       21
 16.78662      21
 16.81884      21
 16.85106      21
 16.88328      21
 16.88328      21
 16.9155       22
 16.94772      22
 16.97994      22
 17.01216      22
 17.04438      22
 17.0766       22
 17.0766       22
 17.10882      22
 17.14104      22
 17.17326      22
 17.20548      22
 17.2377       21
 17.26992      21
 17.26992      21
 17.30214      21
 17.33436      21
 17.36658      21
 17.3988       21
 17.43102      20
 17.46324      20
 17.46324      20
 17.49546      20
 17.52768      20
 17.5599       20
 17.59212      19
 17.62434      19
 17.65656      19
 17.65656      19
 17.68878      19
 17.721        18
 17.75322      18
 17.78544      18
 17.81766      18
 17.81766      17
 17.84988      17
 17.8821       17
 17.91432      17
 17.94654      17
 17.97876      16
 17.97876      16
 18.01098      16
 18.0432       16
 18.07542      15
 18.10764      15
 18.13986      15
 18.17208      15
 18.17208      15
 18.2043       15
 18.23652      14
 18.26874      14
 18.30096      14
 18.33318      14
 18.33318      14
 18.3654       14
 18.39762      14
 18.42984      14
 18.46206      13
 18.49428      13
 18.5265       13
 18.5265       13
 18.55872      13
 18.59094      13
 18.62316      13
 18.65538      13
 18.6876       13
 18.6876       13
 18.71982      13
 18.75204      13
 18.78426      12
 18.81648      12
 18.8487       12
 18.8487       12
 18.88092      14
 18.91314      13
 18.94536      12
 18.97758      12
 19.0098       11
 19.0098       11
 19.04202      11
 19.07424      11
 19.10646      11
 19.13868      11
 19.1709       11
 19.20312      12
 19.20312      12
 19.23534      12
 19.26756      12
 19.29978      12
 19.332        12
 19.36422      12
 19.39644      12
 19.39644      13
 19.42866      13
 19.46088      13
 19.52532      13
 19.52532      13
 19.55754      13
 19.58976      13
 19.62198      13
 19.6542       13
 19.68642      14
 19.68642      14
 19.71864      14
 19.75086      14
 19.78308      14
 19.8153       14
 19.84752      14
 19.87974      14
 19.87974      15
 19.91196      15
 19.94418      15
 19.9764       15
 20.00862      15
 20.04084      15
 20.04084      15
 20.07306      15
 20.10528      15
 20.1375       16
 20.16972      16
 20.20194      16
 20.20194      16
 20.23416      16
 20.26638      16
 20.2986       16
 20.33082      16
 20.33082      16
 20.36304      17
 20.39526      17
 20.42748      18
 20.4597       18
 20.49192      18
 20.52414      18
 20.52414      19
 20.55636      19
 20.58858      19
 20.6208       19
 20.65302      19
 20.68524      19
 20.68524      19
 20.71746      19
 20.74968      20
 20.7819       20
 20.81412      20
 20.84634      21
 20.84634      21
 20.87856      21
 20.91078      21
 20.943        21
 20.97522      21
 20.97522      21
 21.00744      22
 21.03966      22
 21.07188      22
 21.1041       22
 21.13632      22
 21.13632      22
 21.16854      23
 21.20076      23
 21.23298      23
 21.2652       23
 21.29742      23
 21.29742      23
 21.32964      23
 21.36186      24
 21.39408      24
 21.4263       24
 21.45852      24
 21.45852      25
 21.49074      25
 21.52296      25
 21.55518      25
 21.5874       26
 21.5874       26
 21.61962      26
 21.65184      26
 21.68406      26
 21.71628      26
 21.7485       27
 21.7485       27
 21.78072      27
 21.81294      27
 21.84516      27
 21.87738      27
 21.87738      27
 21.9096       28
 21.94182      28
 21.97404      28
 22.00626      28
 22.03848      28
 22.03848      28
 22.0707       28
 22.10292      28
 22.13514      27
 22.16736      27
 22.19958      27
 22.19958      27
 22.2318       27
 22.26402      27
 22.29624      27
 22.32846      27
 22.32846      27
 22.36068      26
 22.3929       26
 22.42512      26
 22.45734      24
 22.48956      23
 22.48956      23
 22.52178      22
 22.554        22
 22.58622      22
 22.61844      22
 22.65066      22
 22.65066      22
 22.68288      22
 22.7151       22
 22.77954      22
 22.77954      22
 22.81176      22
 22.84398      22
 22.8762       22
 22.90842      22
 22.90842      22
 22.94064      22
 22.97286      22
 23.00508      21
 23.0373       21
 23.0373       21
 23.06952      21
 23.10174      21
 23.13396      21
 23.16618      21
 23.1984       20
 23.1984       20
 23.23062      20
 23.26284      20
 23.29506      20
 23.32728      20
 23.32728      20
 23.3595       19
 23.39172      19
 23.42394      19
 23.45616      19
 23.45616      19
 23.48838      19
 23.5206       19
 23.55282      19
 23.58504      18
 23.61726      18
 23.61726      18
 23.64948      18
 23.6817       18
 23.71392      18
 23.74614      18
 23.74614      18
 23.77836      18
 23.81058      18
 23.8428       18
 23.87502      18
 23.87502      18
 23.90724      18
 23.93946      17
 23.97168      17
 24.0039       17
 24.0039       17
 24.03612      17
 24.06834      17
 24.10056      17
 24.13278      17
 24.13278      17
 24.165        17
 24.19722      17
 24.22944      17
 24.26166      17
 24.26166      17
 24.29388      17
 24.3261       17
 24.35832      17
 24.39054      17
 24.42276      18
 24.42276      18
 24.45498      18
 24.4872       18
 24.51942      18
 24.55164      18
 24.55164      18
 24.58386      18
 24.61608      18
 24.6483       18
 24.68052      18
 24.68052      18
 24.71274      18
 24.74496      18
 24.77718      18
 24.8094       18
 24.8094       18
 24.84162      18
 24.87384      18
 24.90606      18
 24.93828      19
 24.93828      19
 24.9705       19
 25.00272      19
 25.03494      20
 25.03494      20
 25.06716      20
 25.09938      20
 25.1316       20
 25.16382      20
 25.16382      21
 25.19604      21
 25.22826      21
 25.26048      21
 25.2927       21
 25.2927       21
 25.32492      21
 25.35714      21
 25.38936      21
 25.42158      22
 25.42158      22
 25.4538       22
 25.48602      22
 25.51824      22
 25.55046      22
 25.55046      22
 25.58268      23
 25.6149       23
 25.64712      23
 25.64712      23
 25.67934      23
 25.71156      23
 25.74378      23
 25.776        24
 25.776        24
 25.80822      24
 25.84044      24
 25.87266      24
 25.90488      24
 25.90488      25
 25.9371       25
 25.96932      25
 26.03376      25
 26.03376      25
 26.06598      26
 26.0982       26
 26.13042      26
 26.16264      26
 26.16264      26
 26.19486      27
 26.22708      27
 26.2593       27
 26.29152      27
 26.29152      27
 26.32374      27
 26.35596      28
 26.38818      28
 26.4204       28
 26.4204       28
 26.45262      29
 26.48484      29
 26.51706      29
 26.51706      29
 26.54928      29
 26.5815       30
 26.61372      30
 26.64594      30
 26.64594      30
 26.67816      30
 26.71038      30
 26.7426       30
 26.7426       30
 26.77482      30
 26.80704      31
 26.83926      31
 26.87148      31
 26.87148      31
 26.9037       31
 26.93592      31
 26.96814      31
 26.96814      31
 27.00036      31
 27.03258      31
 27.0648       31
 27.09702      31
 27.09702      31
 27.12924      31
 27.16146      31
 27.19368      31
 27.2259       31
 27.2259       31
 27.25812      31
 27.29034      31
 27.32256      31
 27.32256      31
 27.35478      31
 27.387        31
 27.41922      31
 27.45144      31
 27.45144      31
 27.48366      31
 27.51588      31
 27.5481       30
 27.5481       30
 27.58032      30
 27.61254      30
 27.64476      30
 27.67698      30
 27.67698      30
 27.7092       29
 27.74142      29
 27.77364      29
 27.77364      29
 27.80586      29
 27.83808      29
 27.8703       29
 27.8703       28
 27.90252      28
 27.93474      28
 27.96696      28
 27.99918      28
 27.99918      28
 28.0314       28
 28.06362      27
 28.09584      27
 28.09584      27
 28.12806      27
 28.16028      27
 28.1925       27
 28.22472      27
 28.22472      26
 28.25694      26
