 0             0
 0             0
 0             0
 0             0
 0             0
 0             0
 0             0
 0             0
 0             0
 0             0
 3.222e-002    0
 3.222e-002    0
 6.444e-002    0
 9.666e-002    0
 9.666e-002    0
 0.1611        0
 0.1611        0
 0.19332       0
 0.22554       0
 0.22554       0
 0.25776       0
 0.28998       0
 0.3222        0
 0.35442       0
 0.38664       0
 0.38664       0
 0.45108       0
 0.45108       0
 0.4833        0
 0.51552       0
 0.54774       0
 0.57996       0
 0.61218       0
 0.61218       0
 0.6444        0
 0.67662       0
 0.70884       0
 0.74106       0
 0.77328       0
 0.8055        0
 0.83772       0
 0.83772       0
 0.86994       0
 0.90216       0
 0.93438       0
 0.9666        0
 0.99882       0
 1.03104       0
 1.06326       0
 1.09548       0
 1.09548       0
 1.1277        0
 1.15992       0
 1.19214       0
 1.22436       0
 1.25658       0
 1.2888        0
 1.32102       0
 1.32102       0
 1.35324       0
 1.38546       0
 1.41768       0
 1.4499        0
 1.48212       0
 1.51434       0
 1.54656       0
 1.57878       0
 1.57878       0
 1.611         0
 1.64322       0
 1.67544       0
 1.70766       0
 1.73988       0
 1.7721        0
 1.80432       0
 1.80432       0
 1.83654       0
 1.86876       0
 1.90098       0
 1.9332        0
 1.96542       0
 1.99764       0
 2.02986       0
 2.06208       0
 2.06208       0
 2.12652       0
 2.12652       0
 2.15874       0
 2.19096       0
 2.22318       0
 2.2554        0
 2.28762       0
 2.31984       0
 2.35206       0
 2.38428       0
 2.38428       0
 2.44872       0
 2.44872       1
 2.48094       1
 2.51316       1
 2.54538       1
 2.5776        1
 2.60982       1
 2.64204       1
 2.67426       1
 2.70648       1
 2.70648       1
 2.77092       1
 2.77092       1
 2.80314       1
 2.83536       1
 2.86758       1
 2.8998        1
 2.93202       1
 2.96424       1
 2.99646       1
 3.02868       1
 3.0609        1
 3.09312       1
 3.12534       1
 3.12534       1
 3.15756       1
 3.18978       1
 3.25422       1
 3.28644       1
 3.31866       1
 3.35088       1
 3.3831        1
 3.41532       1
 3.41532       1
 3.44754       1
 3.47976       1
 3.51198       1
 3.5442        1
 3.57642       1
 3.60864       1
 3.64086       1
 3.67308       1
 3.7053        1
 3.73752       2
 3.73752       2
 3.80196       2
 3.80196       2
 3.83418       2
 3.8664        2
 3.89862       2
 3.93084       2
 3.96306       2
 3.99528       2
 4.0275        2
 4.05972       2
 4.09194       2
 4.12416       2
 4.12416       2
 4.15638       2
 4.1886        2
 4.22082       2
 4.25304       2
 4.28526       2
 4.31748       2
 4.3497        2
 4.38192       2
 4.41414       2
 4.44636       2
 4.47858       2
 4.47858       2
 4.5108        2
 4.54302       2
 4.57524       2
 4.60746       2
 4.63968       2
 4.6719        2
 4.70412       3
 4.73634       3
 4.76856       3
 4.80078       3
 4.833         3
 4.833         3
 4.86522       3
 4.89744       3
 4.92966       3
 4.96188       3
 4.9941        3
 5.02632       3
 5.05854       3
 5.09076       3
 5.12298       3
 5.1552        3
 5.18742       3
 5.18742       3
 5.21964       3
 5.25186       3
 5.28408       3
 5.3163        3
 5.34852       3
 5.38074       3
 5.41296       3
 5.44518       3
 5.4774        3
 5.50962       3
 5.54184       3
 5.54184       3
 5.57406       3
 5.60628       4
 5.6385        4
 5.67072       4
 5.70294       4
 5.73516       4
 5.76738       4
 5.7996        4
 5.83182       4
 5.86404       4
 5.86404       4
 5.89626       4
 5.92848       4
 5.9607        4
 5.99292       4
 6.02514       4
 6.05736       4
 6.08958       4
 6.1218        4
 6.15402       4
 6.18624       4
 6.18624       4
 6.21846       4
 6.25068       4
 6.2829        4
 6.31512       4
 6.34734       4
 6.37956       4
 6.41178       4
 6.444         5
 6.47622       5
 6.50844       5
 6.54066       5
 6.57288       5
 6.6051        5
 6.63732       5
 6.66954       5
 6.70176       5
 6.73398       5
 6.7662        5
 6.79842       5
 6.79842       5
 6.83064       5
 6.86286       5
 6.89508       5
 6.9273        5
 6.95952       5
 6.99174       5
 7.02396       5
 7.05618       5
 7.0884        5
 7.12062       5
 7.15284       5
 7.15284       5
 7.18506       6
 7.21728       6
 7.2495        6
 7.28172       6
 7.31394       6
 7.34616       6
 7.37838       6
 7.4106        6
 7.4106        6
 7.44282       6
 7.47504       6
 7.50726       6
 7.53948       6
 7.5717        6
 7.60392       6
 7.63614       6
 7.66836       6
 7.70058       6
 7.7328        6
 7.7328        6
 7.76502       6
 7.79724       6
 7.82946       6
 7.86168       6
 7.8939        6
 7.92612       6
 7.95834       6
 7.99056       7
 8.02278       7
 8.02278       6
 8.055         6
 8.08722       6
 8.11944       6
 8.15166       6
 8.18388       6
 8.2161        6
 8.24832       6
 8.28054       6
 8.31276       6
 8.31276       6
 8.34498       6
 8.3772        6
 8.40942       6
 8.44164       6
 8.47386       6
 8.50608       6
 8.5383        6
 8.57052       6
 8.60274       6
 8.60274       6
 8.63496       6
 8.66718       6
 8.6994        6
 8.73162       6
 8.76384       6
 8.79606       6
 8.82828       6
 8.8605        6
 8.8605        6
 8.89272       6
 8.92494       6
 8.95716       6
 8.98938       6
 9.0216        6
 9.05382       6
 9.08604       6
 9.11826       6
 9.11826       6
 9.15048       7
 9.1827        7
 9.21492       7
 9.24714       6
 9.27936       6
 9.31158       6
 9.3438        6
 9.37602       6
 9.40824       6
 9.40824       6
 9.44046       7
 9.47268       7
 9.5049        7
 9.53712       7
 9.56934       7
 9.60156       7
 9.63378       7
 9.666         7
 9.69822       7
 9.69822       7
 9.76266       7
 9.79488       7
 9.8271        7
 9.85932       7
 9.89154       7
 9.92376       7
 9.92376       7
 9.95598       7
 9.9882        7
 10.02042      7
 10.05264      7
 10.08486      7
 10.11708      7
 10.1493       8
 10.18152      8
 10.18152      8
 10.21374      8
 10.24596      8
 10.27818      8
 10.3104       8
 10.34262      8
 10.37484      8
 10.40706      8
 10.43928      8
 10.43928      8
 10.4715       8
 10.50372      8
 10.53594      8
 10.56816      8
 10.60038      8
 10.6326       8
 10.66482      8
 10.69704      8
 10.69704      8
 10.72926      8
 10.76148      9
 10.7937       9
 10.82592      9
 10.85814      9
 10.89036      9
 10.92258      9
 10.9548       9
 10.9548       9
 10.98702      9
 11.01924      9
 11.05146      9
 11.08368      9
 11.1159       9
 11.14812      9
 11.18034      9
 11.21256      9
 11.21256      9
 11.24478      10
 11.277        10
 11.30922      10
 11.34144      10
 11.37366      10
 11.40588      10
 11.4381       10
 11.4381       10
 11.47032      10
 11.50254      10
 11.53476      10
 11.56698      10
 11.5992       10
 11.63142      10
 11.66364      10
 11.69586      11
 11.69586      11
 11.72808      11
 11.7603       11
 11.79252      11
 11.82474      11
 11.85696      11
 11.88918      11
 11.9214       11
 11.9214       11
 11.95362      11
 11.98584      11
 12.01806      11
 12.05028      11
 12.0825       11
 12.11472      11
 12.14694      11
 12.14694      11
 12.17916      12
 12.21138      12
 12.2436       12
 12.27582      11
 12.30804      11
 12.34026      17
 12.37248      21
 12.37248      24
 12.4047       25
 12.43692      26
 12.46914      26
 12.50136      25
 12.53358      25
 12.5658       24
 12.59802      23
 12.59802      22
 12.63024      21
 12.66246      20
 12.69468      19
 12.7269       18
 12.75912      17
 12.79134      16
 12.82356      16
 12.85578      15
 12.85578      15
 12.888        14
 12.92022      14
 12.95244      13
 13.01688      13
 13.0491       13
 13.0491       12
 13.08132      12
 13.11354      12
 13.14576      12
 13.17798      11
 13.2102       11
 13.24242      11
 13.27464      11
 13.27464      11
 13.30686      11
 13.33908      11
 13.3713       11
 13.40352      11
 13.43574      10
 13.46796      10
 13.50018      10
 13.50018      10
 13.5324       10
 13.56462      10
 13.59684      10
 13.62906      10
 13.66128      10
 13.6935       10
 13.6935       10
 13.72572      10
 13.75794      10
 13.79016      10
 13.82238      10
 13.8546       10
 13.88682      10
 13.91904      10
 13.91904      10
 13.95126      10
 13.98348      10
 14.0157       10
 14.04792      10
 14.08014      10
 14.11236      10
 14.11236      10
 14.14458      11
 14.1768       11
 14.20902      11
 14.24124      11
 14.27346      11
 14.30568      11
 14.3379       11
 14.3379       11
 14.37012      11
 14.40234      11
 14.43456      11
 14.46678      11
 14.499        11
 14.53122      11
 14.53122      11
 14.56344      11
 14.59566      11
 14.62788      11
 14.6601       11
 14.69232      11
 14.72454      11
 14.72454      11
 14.75676      11
 14.78898      11
 14.8212       11
 14.85342      11
 14.88564      11
 14.91786      12
 14.91786      12
 14.95008      12
 14.9823       12
 15.01452      12
 15.04674      12
 15.07896      12
 15.11118      12
 15.11118      12
 15.1434       12
 15.17562      12
 15.20784      12
 15.24006      12
 15.27228      12
 15.3045       12
 15.3045       13
 15.33672      13
 15.36894      13
 15.40116      13
 15.43338      13
 15.4656       13
 15.49782      13
 15.49782      13
 15.53004      13
 15.56226      13
 15.59448      13
 15.6267       13
 15.65892      13
 15.69114      14
 15.72336      14
 15.72336      14
 15.75558      14
 15.7878       14
 15.82002      14
 15.85224      14
 15.88446      14
 15.88446      14
 15.91668      14
 15.9489       14
 15.98112      14
 16.01334      14
 16.04556      15
 16.07778      15
 16.07778      15
 16.11         15
 16.14222      15
 16.17444      15
 16.20666      15
 16.2711       15
 16.2711       15
 16.30332      15
 16.33554      16
 16.36776      16
 16.39998      16
 16.4322       16
 16.46442      16
 16.46442      16
 16.49664      16
 16.52886      16
 16.56108      16
 16.5933       16
 16.62552      16
 16.62552      17
 16.65774      17
 16.68996      17
 16.72218      17
 16.7544       17
 16.78662      17
 16.81884      17
 16.81884      17
 16.85106      17
 16.88328      17
 16.9155       17
 16.94772      17
 16.97994      17
 16.97994      17
 17.01216      17
 17.04438      17
 17.0766       17
 17.10882      17
 17.14104      17
 17.17326      17
 17.17326      17
 17.20548      17
 17.2377       17
 17.26992      17
 17.30214      17
 17.33436      17
 17.36658      20
 17.36658      22
 17.3988       23
 17.43102      23
 17.46324      23
 17.49546      22
 17.52768      22
 17.5599       22
 17.5599       21
 17.59212      21
 17.62434      20
 17.65656      20
 17.68878      19
 17.721        19
 17.721        18
 17.75322      18
 17.78544      18
 17.81766      17
 17.84988      17
 17.8821       17
 17.8821       17
 17.91432      16
 17.94654      16
 17.97876      16
 18.01098      16
 18.0432       16
 18.07542      15
 18.07542      15
 18.10764      15
 18.13986      15
 18.17208      15
 18.2043       15
 18.23652      15
 18.23652      15
 18.26874      15
 18.30096      15
 18.33318      14
 18.3654       14
 18.39762      14
 18.39762      14
 18.42984      14
 18.46206      14
 18.49428      14
 18.5265       14
 18.55872      14
 18.55872      14
 18.59094      14
 18.62316      14
 18.65538      14
 18.6876       14
 18.71982      14
 18.71982      14
 18.75204      14
 18.78426      14
 18.81648      14
 18.8487       14
 18.88092      14
 18.88092      14
 18.91314      14
 18.94536      14
 18.97758      14
 19.0098       14
 19.04202      14
 19.07424      14
 19.07424      14
 19.10646      14
 19.13868      14
 19.1709       15
 19.20312      14
 19.23534      13
 19.23534      12
 19.26756      12
 19.29978      12
 19.332        12
 19.36422      12
 19.39644      12
 19.39644      12
 19.42866      12
 19.46088      13
 19.52532      13
 19.55754      13
 19.55754      13
 19.58976      14
 19.62198      14
 19.6542       14
 19.68642      14
 19.71864      14
 19.71864      15
 19.75086      15
 19.78308      15
 19.8153       15
 19.84752      15
 19.87974      15
 19.87974      15
 19.91196      16
 19.94418      15
 19.9764       15
 20.00862      15
 20.04084      15
 20.04084      15
 20.07306      15
 20.10528      15
 20.1375       16
 20.16972      16
 20.20194      16
 20.20194      16
 20.23416      16
 20.26638      16
 20.2986       16
 20.33082      17
 20.33082      17
 20.36304      17
 20.39526      17
 20.42748      17
 20.4597       17
 20.49192      17
 20.52414      17
 20.52414      17
 20.55636      18
 20.58858      18
 20.6208       18
 20.65302      18
 20.68524      18
 20.68524      18
 20.71746      18
 20.74968      18
 20.7819       18
 20.81412      18
 20.81412      19
 20.84634      19
 20.87856      19
 20.91078      19
 20.943        19
 20.97522      19
 20.97522      19
 21.00744      19
 21.03966      19
 21.07188      19
 21.1041       20
 21.1041       20
 21.13632      20
 21.16854      20
 21.20076      20
 21.23298      20
 21.2652       20
 21.2652       20
 21.29742      20
 21.32964      21
 21.36186      21
 21.39408      21
 21.4263       21
 21.4263       21
 21.45852      21
 21.49074      21
 21.52296      21
 21.55518      21
 21.55518      21
 21.5874       21
 21.61962      21
 21.65184      21
 21.68406      22
 21.71628      22
 21.71628      22
 21.7485       22
 21.78072      22
 21.81294      22
 21.84516      22
 21.84516      22
 21.87738      22
 21.9096       22
 21.94182      22
 21.97404      22
 22.00626      22
 22.00626      22
 22.03848      22
 22.0707       22
 22.10292      22
 22.13514      22
 22.13514      21
 22.16736      21
 22.19958      21
 22.2318       21
 22.26402      21
 22.26402      21
 22.29624      21
 22.32846      21
 22.36068      21
 22.3929       21
 22.42512      21
 22.42512      21
 22.45734      21
 22.48956      21
 22.52178      21
 22.554        21
 22.554        20
 22.58622      20
 22.61844      20
 22.65066      20
 22.68288      20
 22.68288      20
 22.7151       20
 22.77954      20
 22.81176      21
 22.84398      21
 22.84398      21
 22.8762       21
 22.90842      21
 22.94064      21
 22.97286      21
 22.97286      20
 23.00508      20
 23.0373       20
 23.06952      20
 23.10174      20
 23.10174      19
 23.13396      19
 23.16618      19
 23.1984       19
 23.23062      19
 23.23062      19
 23.26284      19
 23.29506      19
 23.32728      19
 23.3595       18
 23.3595       18
 23.39172      18
 23.42394      18
 23.45616      18
 23.48838      18
 23.48838      18
 23.5206       18
 23.55282      18
 23.58504      18
 23.61726      18
 23.64948      18
 23.64948      18
 23.6817       18
 23.71392      18
 23.74614      18
 23.77836      18
 23.77836      18
 23.81058      18
 23.8428       18
 23.87502      18
 23.90724      18
 23.90724      18
 23.93946      19
 23.97168      19
 24.0039       19
 24.03612      18
 24.03612      18
 24.06834      18
 24.10056      18
 24.13278      18
 24.165        18
 24.165        18
 24.19722      18
 24.22944      18
 24.26166      18
 24.29388      18
 24.29388      18
 24.3261       18
 24.35832      18
 24.39054      18
 24.42276      19
 24.42276      19
 24.45498      19
 24.4872       19
 24.51942      19
 24.55164      19
 24.55164      19
 24.58386      19
 24.61608      19
 24.6483       19
 24.6483       19
 24.68052      19
 24.71274      19
 24.74496      19
 24.77718      19
 24.8094       19
 24.8094       19
 24.84162      19
 24.87384      20
 24.90606      20
 24.93828      20
 24.93828      20
 24.9705       20
 25.00272      20
 25.03494      20
 25.03494      20
 25.06716      20
 25.09938      20
 25.1316       20
 25.1316       20
 25.16382      20
 25.19604      20
 25.22826      20
 25.26048      20
 25.26048      21
 25.2927       21
 25.32492      21
 25.35714      21
 25.38936      21
 25.38936      21
 25.42158      21
 25.4538       21
 25.48602      21
 25.51824      21
 25.51824      21
 25.55046      22
 25.58268      22
 25.6149       22
 25.64712      22
 25.64712      22
 25.67934      22
 25.71156      22
 25.74378      22
 25.74378      22
 25.776        22
 25.80822      22
 25.84044      23
 25.87266      23
 25.87266      23
 25.90488      23
 25.9371       23
 25.96932      23
 26.00154      24
 26.03376      24
 26.06598      24
 26.0982       24
 26.13042      24
 26.13042      24
 26.16264      24
 26.19486      24
 26.22708      24
 26.22708      24
 26.2593       24
 26.29152      24
 26.32374      24
 26.35596      25
 26.35596      25
 26.38818      25
 26.4204       25
 26.45262      25
 26.48484      25
 26.48484      25
 26.51706      25
 26.54928      25
 26.5815       25
 26.5815       25
 26.61372      25
 26.64594      25
 26.67816      25
 26.71038      25
 26.71038      26
 26.7426       26
 26.77482      26
 26.80704      26
 26.80704      26
 26.83926      26
 26.87148      26
 26.9037       26
 26.93592      26
 26.93592      26
 26.96814      26
 27.00036      26
 27.03258      26
 27.03258      26
 27.0648       26
 27.09702      26
 27.12924      26
 27.16146      25
 27.16146      25
 27.19368      25
 27.2259       25
 27.25812      25
 27.25812      25
 27.29034      25
 27.32256      25
 27.35478      25
 27.35478      25
 27.387        25
 27.41922      25
 27.45144      25
 27.48366      25
 27.48366      25
 27.51588      25
 27.5481       25
 27.58032      25
 27.58032      24
 27.61254      24
 27.64476      24
 27.67698      24
 27.7092       24
 27.7092       24
 27.74142      24
 27.77364      24
 27.80586      24
 27.80586      24
 27.83808      24
 27.8703       24
 27.90252      23
 27.90252      23
 27.93474      23
 27.96696      23
 27.99918      23
 27.99918      23
 28.0314       23
 28.06362      23
 28.09584      23
 28.12806      23
