 0             0
 0             0
 0             0
 0             0
 0             0
 0             0
 0             0
 0             0
 0             0
 3.222e-002    0
 3.222e-002    0
 6.444e-002    0
 9.666e-002    0
 9.666e-002    0
 0.12888       0
 0.1611        0
 0.1611        0
 0.22554       0
 0.22554       0
 0.25776       0
 0.28998       0
 0.3222        0
 0.3222        0
 0.38664       0
 0.38664       0
 0.41886       0
 0.45108       0
 0.4833        0
 0.51552       0
 0.54774       0
 0.54774       0
 0.57996       0
 0.61218       0
 0.6444        0
 0.67662       0
 0.70884       0
 0.70884       0
 0.77328       0
 0.77328       0
 0.8055        0
 0.83772       0
 0.86994       0
 0.90216       0
 0.93438       0
 0.93438       0
 0.9666        0
 0.99882       0
 1.03104       0
 1.06326       0
 1.09548       0
 1.09548       0
 1.15992       0
 1.15992       0
 1.19214       0
 1.22436       0
 1.25658       0
 1.2888        0
 1.32102       0
 1.32102       0
 1.38546       0
 1.38546       0
 1.41768       0
 1.4499        0
 1.48212       0
 1.51434       0
 1.54656       0
 1.57878       0
 1.57878       0
 1.611         0
 1.64322       0
 1.67544       0
 1.70766       0
 1.73988       0
 1.7721        0
 1.80432       0
 1.80432       0
 1.86876       0
 1.86876       0
 1.90098       0
 1.9332        0
 1.96542       0
 1.99764       0
 2.02986       0
 2.06208       0
 2.0943        0
 2.0943        0
 2.12652       0
 2.15874       0
 2.19096       0
 2.22318       0
 2.2554        0
 2.28762       0
 2.31984       0
 2.35206       0
 2.35206       0
 2.38428       1
 2.4165        1
 2.44872       0
 2.48094       0
 2.51316       0
 2.54538       0
 2.5776        0
 2.60982       0
 2.64204       0
 2.67426       0
 2.67426       0
 2.70648       0
 2.7387        0
 2.77092       0
 2.80314       1
 2.83536       1
 2.86758       2
 2.8998        2
 2.93202       3
 2.96424       3
 2.99646       4
 2.99646       4
 3.02868       5
 3.0609        5
 3.09312       6
 3.12534       7
 3.15756       9
 3.18978       9
 3.25422       10
 3.28644       11
 3.28644       12
 3.31866       12
 3.35088       13
 3.3831        14
 3.41532       14
 3.44754       15
 3.47976       16
 3.51198       17
 3.5442        18
 3.57642       19
 3.60864       20
 3.60864       21
 3.64086       22
 3.67308       24
 3.7053        25
 3.73752       26
 3.76974       27
 3.80196       29
 3.83418       30
 3.8664        32
 3.89862       33
 3.93084       35
 3.93084       36
 3.96306       38
 3.99528       40
 4.0275        42
 4.05972       44
 4.09194       46
 4.12416       48
 4.15638       50
 4.1886        52
 4.22082       55
 4.25304       57
 4.28526       59
 4.28526       62
 4.31748       64
 4.3497        67
 4.38192       69
 4.41414       72
 4.44636       74
 4.47858       77
 4.5108        80
 4.54302       83
 4.57524       86
 4.60746       89
 4.60746       92
 4.63968       95
 4.6719        98
 4.70412       102
 4.73634       105
 4.76856       108
 4.80078       112
 4.833         115
 4.86522       118
 4.89744       122
 4.92966       125
 4.92966       129
 4.96188       132
 4.9941        136
 5.02632       139
 5.05854       143
 5.09076       147
 5.12298       151
 5.1552        154
 5.18742       158
 5.21964       162
 5.25186       166
 5.25186       170
 5.28408       174
 5.3163        178
 5.34852       182
 5.38074       186
 5.41296       190
 5.44518       194
 5.4774        198
 5.50962       203
 5.54184       207
 5.57406       211
 5.60628       215
 5.60628       220
 5.6385        224
 5.67072       228
 5.70294       233
 5.73516       237
 5.76738       241
 5.7996        246
 5.83182       250
 5.86404       254
 5.89626       259
 5.92848       263
 5.92848       268
 5.9607        272
 5.99292       277
 6.02514       281
 6.05736       286
 6.08958       290
 6.1218        295
 6.15402       300
 6.18624       305
 6.21846       310
 6.25068       314
 6.25068       319
 6.2829        324
 6.31512       328
 6.34734       333
 6.37956       338
 6.41178       343
 6.444         347
 6.50844       352
 6.50844       357
 6.54066       362
 6.57288       366
 6.6051        371
 6.63732       376
 6.66954       381
 6.70176       386
 6.73398       390
 6.7662        395
 6.79842       400
 6.83064       406
 6.83064       411
 6.86286       415
 6.89508       420
 6.9273        425
 6.95952       430
 6.99174       435
 7.02396       440
 7.05618       445
 7.0884        449
 7.12062       454
 7.15284       459
 7.15284       464
 7.18506       468
 7.21728       473
 7.2495        478
 7.28172       482
 7.31394       487
 7.34616       492
 7.37838       496
 7.4106        500
 7.4106        505
 7.44282       510
 7.47504       514
 7.50726       518
 7.53948       522
 7.5717        526
 7.60392       530
 7.63614       533
 7.66836       537
 7.70058       540
 7.70058       544
 7.7328        547
 7.76502       550
 7.79724       553
 7.82946       557
 7.86168       559
 7.8939        562
 7.92612       565
 7.95834       568
 7.99056       570
 7.99056       573
 8.02278       575
 8.055         577
 8.08722       579
 8.11944       581
 8.15166       583
 8.18388       585
 8.2161        586
 8.24832       588
 8.28054       589
 8.28054       590
 8.31276       591
 8.34498       592
 8.3772        592
 8.40942       593
 8.44164       593
 8.47386       593
 8.50608       594
 8.5383        593
 8.5383        593
 8.57052       593
 8.60274       592
 8.63496       591
 8.66718       590
 8.6994        589
 8.73162       587
 8.76384       586
 8.79606       584
 8.79606       582
 8.82828       580
 8.8605        577
 8.89272       574
 8.92494       571
 8.95716       568
 8.98938       565
 9.0216        561
 9.05382       557
 9.08604       553
 9.08604       548
 9.11826       544
 9.15048       538
 9.1827        533
 9.21492       527
 9.24714       521
 9.27936       515
 9.31158       508
 9.3438        501
 9.3438        493
 9.37602       486
 9.40824       478
 9.44046       469
 9.47268       461
 9.5049        452
 9.53712       442
 9.56934       433
 9.60156       423
 9.60156       414
 9.63378       405
 9.666         396
 9.69822       388
 9.76266       381
 9.79488       375
 9.8271        369
 9.8271        364
 9.85932       360
 9.89154       356
 9.92376       353
 9.95598       350
 9.9882        348
 10.02042      346
 10.05264      345
 10.08486      344
 10.08486      344
 10.11708      344
 10.1493       344
 10.18152      344
 10.21374      345
 10.24596      346
 10.27818      347
 10.3104       349
 10.34262      350
 10.34262      352
 10.37484      354
 10.40706      356
 10.43928      359
 10.4715       361
 10.50372      364
 10.53594      366
 10.56816      369
 10.56816      372
 10.60038      375
 10.6326       378
 10.66482      381
 10.69704      385
 10.72926      388
 10.76148      391
 10.7937       395
 10.82592      398
 10.82592      402
 10.85814      406
 10.89036      410
 10.92258      413
 10.9548       417
 10.98702      421
 11.01924      425
 11.05146      429
 11.05146      433
 11.08368      437
 11.1159       440
 11.14812      444
 11.18034      448
 11.21256      452
 11.24478      456
 11.277        460
 11.30922      465
 11.30922      469
 11.34144      473
 11.37366      477
 11.40588      481
 11.4381       485
 11.47032      489
 11.50254      494
 11.53476      498
 11.53476      502
 11.56698      507
 11.5992       511
 11.63142      515
 11.66364      520
 11.69586      524
 11.72808      528
 11.7603       532
 11.7603       537
 11.79252      541
 11.82474      545
 11.85696      549
 11.88918      554
 11.9214       558
 11.95362      562
 11.98584      566
 11.98584      571
 12.01806      575
 12.05028      579
 12.0825       583
 12.11472      587
 12.14694      592
 12.17916      596
 12.21138      600
 12.21138      604
 12.2436       609
 12.27582      613
 12.30804      617
 12.34026      621
 12.37248      625
 12.4047       629
 12.43692      632
 12.43692      636
 12.46914      640
 12.50136      644
 12.53358      648
 12.5658       651
 12.59802      655
 12.63024      659
 12.63024      662
 12.66246      666
 12.69468      669
 12.7269       673
 12.75912      676
 12.79134      680
 12.82356      683
 12.85578      686
 12.85578      690
 12.888        693
 12.92022      696
 12.95244      699
 13.01688      703
 13.0491       706
 13.0491       710
 13.08132      712
 13.11354      716
 13.14576      718
 13.17798      721
 13.2102       724
 13.24242      727
 13.27464      730
 13.27464      733
 13.30686      736
 13.33908      738
 13.3713       741
 13.40352      744
 13.43574      746
 13.46796      749
 13.50018      751
 13.50018      754
 13.5324       756
 13.56462      758
 13.59684      761
 13.62906      763
 13.66128      765
 13.6935       767
 13.6935       769
 13.72572      771
 13.75794      773
 13.79016      775
 13.82238      777
 13.8546       778
 13.88682      780
 13.91904      782
 13.91904      783
 13.95126      784
 13.98348      786
 14.0157       787
 14.04792      788
 14.08014      789
 14.11236      790
 14.11236      790
 14.14458      791
 14.1768       792
 14.20902      792
 14.24124      792
 14.27346      793
 14.30568      793
 14.30568      793
 14.3379       792
 14.37012      792
 14.40234      792
 14.43456      791
 14.46678      790
 14.499        789
 14.53122      788
 14.53122      787
 14.56344      786
 14.59566      784
 14.62788      782
 14.6601       780
 14.69232      778
 14.69232      776
 14.72454      773
 14.75676      771
 14.78898      768
 14.8212       764
 14.85342      761
 14.88564      758
 14.88564      754
 14.91786      750
 14.95008      745
 14.9823       741
 15.01452      736
 15.04674      731
 15.07896      725
 15.07896      720
 15.11118      714
 15.1434       708
 15.17562      700
 15.20784      693
 15.24006      686
 15.27228      679
 15.27228      671
 15.3045       662
 15.33672      653
 15.36894      644
 15.40116      635
 15.43338      625
 15.4656       615
 15.4656       606
 15.49782      596
 15.53004      587
 15.56226      579
 15.59448      572
 15.6267       565
 15.6267       560
 15.65892      555
 15.69114      550
 15.72336      547
 15.75558      543
 15.7878       541
 15.82002      539
 15.85224      537
 15.85224      536
 15.88446      535
 15.91668      535
 15.9489       535
 15.98112      535
 16.01334      536
 16.01334      536
 16.04556      537
 16.07778      539
 16.11         540
 16.14222      542
 16.17444      543
 16.20666      545
 16.20666      547
 16.2711       549
 16.30332      552
 16.33554      554
 16.36776      557
 16.39998      559
 16.39998      562
 16.4322       565
 16.46442      568
 16.49664      571
 16.52886      574
 16.56108      577
 16.56108      580
 16.5933       583
 16.62552      587
 16.65774      590
 16.68996      593
 16.72218      597
 16.72218      600
 16.7544       604
 16.78662      608
 16.81884      611
 16.85106      615
 16.88328      619
 16.9155       622
 16.9155       626
 16.94772      629
 16.97994      633
 17.01216      636
 17.04438      640
 17.0766       644
 17.0766       647
 17.10882      651
 17.14104      654
 17.17326      658
 17.20548      661
 17.2377       665
 17.26992      669
 17.26992      672
 17.30214      676
 17.33436      679
 17.36658      683
 17.3988       686
 17.43102      690
 17.43102      693
 17.46324      697
 17.49546      700
 17.52768      704
 17.5599       708
 17.59212      711
 17.62434      715
 17.62434      718
 17.65656      722
 17.68878      725
 17.721        728
 17.75322      732
 17.78544      735
 17.78544      738
 17.81766      741
 17.84988      745
 17.8821       748
 17.91432      751
 17.94654      754
 17.94654      758
 17.97876      761
 18.01098      764
 18.0432       767
 18.07542      770
 18.10764      773
 18.10764      776
 18.13986      779
 18.17208      782
 18.2043       786
 18.23652      789
 18.26874      792
 18.30096      795
 18.30096      798
 18.33318      801
 18.3654       804
 18.39762      807
 18.42984      810
 18.46206      813
 18.46206      816
 18.49428      819
 18.5265       822
 18.55872      825
 18.59094      828
 18.62316      831
 18.62316      833
 18.65538      836
 18.6876       839
 18.71982      842
 18.75204      844
 18.75204      847
 18.78426      850
 18.81648      852
 18.8487       855
 18.88092      858
 18.91314      860
 18.91314      863
 18.94536      865
 18.97758      868
 19.0098       870
 19.04202      873
 19.07424      875
 19.07424      877
 19.10646      880
 19.13868      882
 19.1709       884
 19.20312      887
 19.23534      889
 19.23534      891
 19.26756      893
 19.29978      895
 19.332        897
 19.36422      899
 19.39644      900
 19.39644      902
 19.42866      904
 19.46088      906
 19.52532      907
 19.55754      910
 19.55754      911
 19.58976      913
 19.62198      914
 19.6542       915
 19.68642      917
 19.71864      918
 19.71864      919
 19.75086      920
 19.78308      921
 19.8153       922
 19.84752      923
 19.87974      924
 19.87974      925
 19.91196      925
 19.94418      926
 19.9764       926
 20.00862      927
 20.00862      927
 20.04084      928
 20.07306      928
 20.10528      928
 20.1375       928
 20.16972      928
 20.16972      928
 20.20194      928
 20.23416      927
 20.26638      927
 20.2986       927
 20.33082      926
 20.33082      926
 20.36304      925
 20.39526      924
 20.42748      924
 20.4597       923
 20.49192      922
 20.49192      921
 20.52414      920
 20.55636      919
 20.58858      918
 20.6208       916
 20.65302      915
 20.65302      913
 20.68524      912
 20.71746      910
 20.74968      908
 20.7819       906
 20.7819       904
 20.81412      902
 20.84634      900
 20.87856      898
 20.91078      896
 20.943        894
 20.943        892
 20.97522      889
 21.00744      887
 21.03966      884
 21.07188      882
 21.07188      880
 21.1041       877
 21.13632      874
 21.16854      872
 21.20076      869
 21.23298      866
 21.23298      863
 21.2652       860
 21.29742      857
 21.32964      854
 21.36186      851
 21.36186      848
 21.39408      845
 21.4263       841
 21.45852      838
 21.49074      835
 21.52296      831
 21.52296      828
 21.55518      825
 21.5874       821
 21.61962      818
 21.65184      815
 21.65184      812
 21.68406      809
 21.71628      805
 21.7485       803
 21.78072      800
 21.81294      797
 21.81294      795
 21.84516      793
 21.87738      792
 21.9096       790
 21.94182      789
 21.94182      788
 21.97404      788
 22.00626      787
 22.03848      787
 22.0707       754
 22.0707       703
 22.10292      659
 22.13514      621
 22.16736      587
 22.16736      557
 22.19958      530
 22.2318       507
 22.26402      486
 22.29624      468
 22.29624      452
 22.32846      438
 22.36068      425
 22.3929       414
 22.42512      403
 22.42512      394
 22.45734      386
 22.48956      379
 22.52178      373
 22.554        367
 22.554        362
 22.58622      358
 22.61844      354
 22.65066      350
 22.68288      347
 22.68288      344
 22.7151       342
 22.74732      340
 22.81176      338
 22.84398      337
 22.84398      335
 22.8762       334
 22.90842      334
 22.94064      333
 22.94064      332
 22.97286      332
 23.00508      332
 23.0373       331
 23.06952      331
 23.06952      331
 23.10174      331
 23.13396      330
 23.16618      330
 23.1984       330
 23.1984       330
 23.23062      329
 23.26284      329
 23.29506      329
 23.32728      328
 23.32728      328
 23.3595       327
 23.39172      326
 23.42394      326
 23.45616      325
 23.45616      324
 23.48838      323
 23.5206       323
 23.55282      322
 23.58504      321
 23.58504      320
 23.61726      319
 23.64948      319
 23.6817       318
 23.71392      317
 23.71392      317
 23.74614      316
 23.77836      315
 23.81058      315
 23.8428       314
 23.8428       314
 23.87502      313
 23.90724      313
 23.93946      313
 23.97168      313
 23.97168      313
 24.0039       312
 24.03612      312
 24.06834      312
 24.10056      313
 24.10056      313
 24.13278      313
 24.165        313
 24.19722      313
 24.22944      314
 24.22944      314
 24.26166      314
 24.29388      315
 24.3261       315
 24.3261       316
 24.35832      316
 24.39054      317
 24.42276      317
 24.45498      318
 24.45498      318
 24.4872       319
 24.51942      319
 24.55164      320
 24.58386      320
 24.58386      321
 24.61608      321
 24.6483       321
 24.68052      322
 24.71274      322
 24.71274      322
 24.74496      322
 24.77718      322
 24.8094       322
 24.8094       322
 24.84162      322
 24.87384      322
 24.90606      322
 24.93828      322
 24.93828      322
 24.9705       322
 25.00272      321
 25.03494      321
 25.03494      321
 25.06716      320
 25.09938      320
 25.1316       319
 25.16382      318
 25.16382      318
 25.19604      317
 25.22826      316
 25.26048      316
 25.26048      315
 25.2927       314
 25.32492      313
 25.35714      312
 25.38936      311
 25.38936      311
 25.42158      310
 25.4538       309
 25.48602      308
 25.51824      307
 25.51824      307
 25.55046      306
 25.58268      305
 25.6149       304
 25.6149       304
 25.64712      303
 25.67934      301
 25.71156      301
 25.74378      300
 25.74378      299
 25.776        298
 25.80822      298
 25.84044      297
 25.87266      296
 25.87266      296
 25.90488      295
 25.9371       294
 25.96932      294
 25.96932      294
 26.03376      293
 26.06598      293
 26.06598      293
 26.0982       293
 26.13042      292
 26.16264      292
 26.19486      293
 26.19486      293
 26.22708      293
 26.2593       293
 26.29152      293
 26.29152      294
 26.32374      294
 26.35596      295
 26.38818      295
 26.4204       296
 26.4204       296
 26.45262      297
 26.48484      298
 26.51706      298
 26.51706      299
 26.54928      300
 26.5815       300
 26.61372      301
 26.61372      303
 26.64594      303
 26.67816      304
 26.71038      305
 26.7426       305
 26.7426       306
 26.77482      307
 26.80704      307
 26.83926      307
 26.83926      308
 26.87148      308
 26.9037       308
 26.93592      308
 26.96814      307
 26.96814      307
 27.00036      306
 27.03258      305
 27.0648       304
 27.0648       304
 27.09702      302
 27.12924      300
 27.16146      299
 27.19368      298
 27.19368      296
 27.2259       295
 27.25812      294
 27.29034      292
 27.29034      291
 27.32256      290
 27.35478      289
 27.387        288
 27.387        287
 27.41922      286
 27.45144      285
 27.48366      284
 27.48366      284
 27.51588      283
 27.5481       283
 27.58032      282
 27.58032      282
 27.61254      282
 27.64476      281
 27.67698      281
 27.7092       281
 27.7092       281
 27.74142      281
 27.77364      281
 27.80586      281
 27.80586      281
 27.83808      281
 27.8703       281
 27.90252      281
 27.90252      281
 27.93474      281
 27.96696      281
