 0             0
 0             0
 0             0
 0             0
 0             0
 0             0
 0             0
 0             0
 0             0
 0             0
 3.222e-002    0
 3.222e-002    0
 6.444e-002    0
 9.666e-002    0
 9.666e-002    0
 0.12888       0
 0.1611        0
 0.1611        0
 0.22554       0
 0.22554       0
 0.25776       0
 0.28998       0
 0.3222        0
 0.3222        0
 0.38664       0
 0.38664       0
 0.41886       0
 0.45108       0
 0.4833        0
 0.51552       0
 0.54774       0
 0.54774       0
 0.57996       0
 0.61218       0
 0.6444        0
 0.67662       0
 0.70884       0
 0.70884       0
 0.77328       0
 0.77328       0
 0.8055        0
 0.83772       0
 0.86994       0
 0.90216       0
 0.93438       0
 0.93438       0
 0.9666        0
 0.99882       0
 1.03104       0
 1.06326       0
 1.09548       0
 1.09548       0
 1.15992       0
 1.15992       0
 1.19214       0
 1.22436       0
 1.25658       0
 1.2888        0
 1.32102       0
 1.32102       0
 1.35324       0
 1.38546       0
 1.41768       0
 1.4499        0
 1.48212       0
 1.51434       0
 1.54656       0
 1.54656       0
 1.57878       0
 1.611         0
 1.64322       0
 1.67544       0
 1.70766       0
 1.73988       0
 1.7721        0
 1.7721        0
 1.80432       0
 1.83654       0
 1.86876       0
 1.90098       0
 1.9332        0
 1.96542       0
 1.99764       0
 2.02986       0
 2.02986       0
 2.06208       0
 2.0943        0
 2.12652       0
 2.15874       0
 2.19096       0
 2.22318       0
 2.2554        0
 2.2554        0
 2.31984       0
 2.31984       0
 2.35206       0
 2.38428       0
 2.4165        0
 2.44872       0
 2.48094       0
 2.51316       0
 2.54538       0
 2.5776        0
 2.5776        0
 2.60982       0
 2.64204       0
 2.67426       0
 2.70648       0
 2.7387        0
 2.77092       0
 2.80314       1
 2.83536       1
 2.83536       0
 2.86758       0
 2.8998        0
 2.93202       0
 2.96424       0
 2.99646       0
 3.02868       0
 3.0609        0
 3.09312       0
 3.12534       0
 3.12534       0
 3.15756       1
 3.18978       1
 3.25422       2
 3.28644       2
 3.31866       3
 3.35088       3
 3.3831        4
 3.3831        4
 3.41532       5
 3.44754       5
 3.47976       6
 3.51198       6
 3.5442        7
 3.57642       7
 3.60864       8
 3.64086       8
 3.67308       9
 3.67308       10
 3.7053        10
 3.73752       11
 3.76974       12
 3.80196       12
 3.83418       13
 3.8664        14
 3.89862       15
 3.93084       15
 3.96306       16
 3.99528       17
 3.99528       18
 4.0275        19
 4.05972       20
 4.09194       21
 4.12416       22
 4.15638       23
 4.1886        24
 4.22082       25
 4.25304       27
 4.28526       28
 4.28526       29
 4.31748       30
 4.3497        32
 4.38192       33
 4.41414       34
 4.44636       36
 4.47858       37
 4.5108        39
 4.54302       40
 4.57524       42
 4.57524       44
 4.60746       45
 4.63968       47
 4.6719        49
 4.70412       51
 4.73634       52
 4.76856       54
 4.80078       56
 4.833         58
 4.86522       60
 4.86522       62
 4.89744       64
 4.92966       66
 4.96188       68
 4.9941        71
 5.02632       73
 5.05854       75
 5.09076       77
 5.12298       80
 5.1552        82
 5.1552        85
 5.18742       87
 5.21964       89
 5.25186       92
 5.28408       94
 5.3163        97
 5.34852       100
 5.38074       103
 5.41296       106
 5.44518       109
 5.44518       111
 5.4774        114
 5.50962       117
 5.54184       120
 5.57406       123
 5.60628       126
 5.6385        129
 5.67072       132
 5.70294       135
 5.70294       138
 5.73516       141
 5.76738       144
 5.7996        147
 5.83182       151
 5.86404       154
 5.89626       157
 5.92848       161
 5.9607        164
 5.99292       167
 5.99292       171
 6.02514       174
 6.05736       178
 6.08958       181
 6.1218        185
 6.15402       188
 6.18624       192
 6.21846       196
 6.25068       199
 6.25068       204
 6.2829        207
 6.31512       211
 6.34734       215
 6.37956       219
 6.41178       223
 6.444         227
 6.50844       230
 6.50844       234
 6.54066       238
 6.57288       242
 6.6051        246
 6.63732       250
 6.66954       254
 6.70176       258
 6.73398       262
 6.7662        267
 6.79842       271
 6.79842       275
 6.83064       279
 6.86286       283
 6.89508       287
 6.9273        292
 6.95952       296
 6.99174       300
 7.02396       305
 7.05618       309
 7.05618       313
 7.0884        317
 7.12062       322
 7.15284       326
 7.18506       330
 7.21728       334
 7.2495        338
 7.28172       342
 7.31394       345
 7.31394       349
 7.34616       353
 7.37838       356
 7.4106        360
 7.44282       363
 7.47504       366
 7.50726       369
 7.53948       372
 7.5717        374
 7.5717        377
 7.60392       379
 7.63614       381
 7.66836       383
 7.70058       385
 7.7328        387
 7.76502       388
 7.79724       389
 7.82946       390
 7.82946       389
 7.86168       387
 7.8939        385
 7.92612       384
 7.95834       383
 7.99056       382
 8.02278       382
 8.055         381
 8.08722       381
 8.08722       380
 8.11944       379
 8.15166       378
 8.18388       377
 8.2161        376
 8.24832       374
 8.28054       372
 8.31276       370
 8.31276       368
 8.34498       366
 8.3772        363
 8.40942       360
 8.44164       357
 8.47386       354
 8.50608       350
 8.5383        347
 8.5383        343
 8.57052       338
 8.60274       334
 8.63496       330
 8.66718       325
 8.6994        320
 8.73162       315
 8.76384       309
 8.79606       304
 8.79606       297
 8.82828       292
 8.8605        286
 8.89272       280
 8.92494       274
 8.95716       269
 8.98938       263
 9.0216        257
 9.0216        252
 9.05382       247
 9.08604       242
 9.11826       237
 9.15048       233
 9.1827        229
 9.21492       225
 9.24714       222
 9.27936       219
 9.27936       216
 9.31158       214
 9.3438        212
 9.37602       210
 9.40824       208
 9.44046       207
 9.47268       206
 9.5049        205
 9.5049        204
 9.53712       204
 9.56934       203
 9.60156       203
 9.63378       204
 9.666         204
 9.69822       205
 9.73044       205
 9.76266       206
 9.79488       207
 9.8271        208
 9.85932       210
 9.89154       211
 9.92376       213
 9.92376       215
 9.95598       216
 9.9882        218
 10.02042      220
 10.05264      223
 10.08486      225
 10.11708      227
 10.1493       230
 10.18152      232
 10.18152      235
 10.21374      237
 10.24596      240
 10.27818      243
 10.3104       246
 10.34262      248
 10.37484      251
 10.37484      254
 10.40706      257
 10.43928      261
 10.4715       264
 10.50372      267
 10.53594      270
 10.56816      273
 10.60038      277
 10.60038      280
 10.6326       283
 10.66482      287
 10.69704      290
 10.72926      294
 10.76148      297
 10.7937       301
 10.82592      305
 10.82592      309
 10.85814      313
 10.89036      316
 10.92258      320
 10.9548       324
 10.98702      327
 11.01924      331
 11.05146      335
 11.05146      339
 11.08368      342
 11.1159       346
 11.14812      350
 11.18034      354
 11.21256      358
 11.24478      362
 11.24478      365
 11.277        369
 11.30922      373
 11.34144      377
 11.37366      381
 11.40588      385
 11.4381       389
 11.4381       393
 11.47032      397
 11.50254      401
 11.53476      406
 11.56698      410
 11.5992       414
 11.63142      418
 11.66364      422
 11.66364      426
 11.69586      430
 11.72808      434
 11.7603       438
 11.79252      442
 11.82474      446
 11.85696      450
 11.85696      454
 11.88918      458
 11.9214       462
 11.95362      466
 11.98584      470
 12.01806      474
 12.05028      478
 12.0825       482
 12.0825       486
 12.11472      489
 12.14694      493
 12.17916      497
 12.21138      500
 12.2436       505
 12.2436       508
 12.27582      511
 12.30804      515
 12.34026      518
 12.37248      521
 12.4047       524
 12.43692      527
 12.43692      530
 12.46914      533
 12.50136      536
 12.53358      538
 12.5658       541
 12.59802      543
 12.63024      545
 12.63024      548
 12.66246      550
 12.69468      552
 12.7269       554
 12.75912      556
 12.79134      557
 12.82356      559
 12.85578      560
 12.85578      562
 12.888        563
 12.92022      564
 12.95244      565
 13.01688      566
 13.01688      567
 13.0491       567
 13.08132      568
 13.11354      568
 13.14576      568
 13.17798      568
 13.2102       568
 13.24242      568
 13.24242      567
 13.27464      566
 13.30686      566
 13.33908      565
 13.3713       563
 13.40352      562
 13.40352      560
 13.43574      558
 13.46796      556
 13.50018      554
 13.5324       552
 13.56462      549
 13.59684      546
 13.59684      543
 13.62906      539
 13.66128      535
 13.6935       531
 13.72572      527
 13.75794      522
 13.79016      517
 13.79016      512
 13.82238      507
 13.8546       500
 13.88682      494
 13.91904      487
 13.95126      480
 13.95126      473
 13.98348      466
 14.0157       458
 14.04792      450
 14.08014      441
 14.11236      432
 14.14458      423
 14.1768       413
 14.1768       404
 14.20902      393
 14.24124      384
 14.27346      374
 14.30568      365
 14.3379       356
 14.3379       348
 14.37012      341
 14.40234      334
 14.43456      328
 14.46678      322
 14.499        317
 14.499        313
 14.53122      309
 14.56344      306
 14.59566      303
 14.62788      300
 14.6601       298
 14.6601       296
 14.69232      295
 14.72454      294
 14.75676      294
 14.78898      293
 14.8212       293
 14.85342      294
 14.85342      294
 14.88564      295
 14.91786      295
 14.95008      296
 14.9823       298
 15.01452      299
 15.01452      301
 15.04674      303
 15.07896      305
 15.11118      307
 15.1434       309
 15.17562      311
 15.20784      313
 15.20784      315
 15.24006      318
 15.27228      320
 15.3045       323
 15.33672      325
 15.36894      328
 15.36894      331
 15.40116      334
 15.43338      337
 15.4656       340
 15.49782      343
 15.53004      346
 15.53004      349
 15.56226      352
 15.59448      355
 15.6267       358
 15.65892      362
 15.69114      365
 15.69114      368
 15.72336      371
 15.75558      375
 15.7878       378
 15.82002      382
 15.85224      385
 15.85224      389
 15.88446      392
 15.91668      396
 15.9489       399
 15.98112      402
 16.01334      406
 16.01334      409
 16.04556      410
 16.07778      414
 16.11         418
 16.14222      422
 16.17444      426
 16.20666      430
 16.20666      434
 16.2711       438
 16.30332      442
 16.33554      446
 16.36776      450
 16.36776      454
 16.39998      458
 16.4322       462
 16.46442      465
 16.49664      469
 16.52886      473
 16.52886      477
 16.56108      481
 16.5933       485
 16.62552      489
 16.65774      493
 16.68996      497
 16.68996      500
 16.72218      505
 16.7544       509
 16.78662      513
 16.81884      516
 16.85106      520
 16.85106      524
 16.88328      528
 16.9155       531
 16.94772      535
 16.97994      538
 17.01216      542
 17.01216      546
 17.04438      549
 17.0766       553
 17.10882      556
 17.14104      560
 17.17326      563
 17.17326      566
 17.20548      570
 17.2377       573
 17.26992      576
 17.30214      580
 17.33436      583
 17.33436      586
 17.36658      589
 17.3988       592
 17.43102      595
 17.46324      598
 17.49546      601
 17.49546      603
 17.52768      607
 17.5599       610
 17.59212      612
 17.62434      615
 17.65656      618
 17.65656      620
 17.68878      622
 17.721        625
 17.75322      627
 17.78544      629
 17.81766      632
 17.81766      634
 17.84988      636
 17.8821       638
 17.91432      640
 17.94654      642
 17.94654      643
 17.97876      645
 18.01098      647
 18.0432       648
 18.07542      650
 18.10764      651
 18.10764      653
 18.13986      654
 18.17208      655
 18.2043       656
 18.23652      657
 18.23652      658
 18.26874      659
 18.30096      660
 18.33318      661
 18.3654       661
 18.39762      662
 18.39762      662
 18.42984      663
 18.46206      663
 18.49428      663
 18.5265       663
 18.55872      663
 18.55872      663
 18.59094      662
 18.62316      662
 18.65538      661
 18.6876       660
 18.6876       659
 18.71982      658
 18.75204      657
 18.78426      656
 18.81648      654
 18.8487       653
 18.8487       651
 18.88092      649
 18.91314      647
 18.94536      645
 18.97758      642
 18.97758      640
 19.0098       637
 19.04202      634
 19.07424      630
 19.10646      627
 19.13868      623
 19.13868      619
 19.1709       615
 19.20312      611
 19.23534      606
 19.26756      601
 19.26756      596
 19.29978      591
 19.332        585
 19.36422      579
 19.39644      573
 19.42866      567
 19.42866      561
 19.46088      554
 19.52532      547
 19.55754      539
 19.55754      532
 19.58976      524
 19.62198      516
 19.6542       508
 19.68642      499
 19.71864      491
 19.71864      483
 19.75086      476
 19.78308      468
 19.8153       458
 19.84752      450
 19.84752      443
 19.87974      437
 19.91196      432
 19.94418      427
 19.9764       423
 20.00862      420
 20.00862      416
 20.04084      414
 20.07306      411
 20.10528      409
 20.1375       408
 20.1375       406
 20.16972      405
 20.20194      404
 20.23416      404
 20.26638      404
 20.26638      404
 20.2986       404
 20.33082      404
 20.36304      405
 20.39526      406
 20.42748      407
 20.42748      408
 20.4597       409
 20.49192      410
 20.52414      412
 20.55636      414
 20.55636      415
 20.58858      417
 20.6208       419
 20.65302      421
 20.68524      423
 20.68524      426
 20.71746      428
 20.74968      430
 20.7819       433
 20.81412      435
 20.81412      438
 20.84634      440
 20.87856      443
 20.91078      446
 20.943        449
 20.943        451
 20.97522      454
 21.00744      457
 21.03966      460
 21.07188      463
 21.1041       466
 21.1041       469
 21.13632      473
 21.16854      476
 21.20076      479
 21.23298      482
 21.23298      485
 21.2652       488
 21.29742      492
 21.32964      495
 21.36186      498
 21.36186      502
 21.39408      506
 21.4263       509
 21.45852      513
 21.49074      516
 21.49074      519
 21.52296      523
 21.55518      526
 21.5874       530
 21.61962      533
 21.61962      536
 21.65184      540
 21.68406      543
 21.71628      547
 21.7485       550
 21.7485       553
 21.78072      557
 21.81294      560
 21.84516      564
 21.87738      567
 21.87738      570
 21.9096       573
 21.94182      577
 21.97404      580
 22.00626      583
 22.00626      586
 22.03848      590
 22.0707       593
 22.10292      596
 22.13514      599
 22.13514      603
 22.16736      606
 22.19958      610
 22.2318       613
 22.26402      616
 22.26402      619
 22.29624      622
 22.32846      625
 22.36068      628
 22.3929       631
 22.3929       634
 22.42512      637
 22.45734      639
 22.48956      642
 22.52178      645
 22.52178      648
 22.554        651
 22.58622      653
 22.61844      656
 22.65066      659
 22.65066      661
 22.68288      664
 22.7151       666
 22.77954      669
 22.77954      671
 22.81176      674
 22.84398      676
 22.8762       678
 22.8762       681
 22.90842      683
 22.94064      685
 22.97286      687
 23.00508      690
 23.00508      692
 23.0373       694
 23.06952      696
 23.10174      698
 23.13396      700
 23.13396      702
 23.16618      704
 23.1984       706
 23.23062      708
 23.26284      710
 23.26284      712
 23.29506      713
 23.32728      715
 23.3595       717
 23.3595       718
 23.39172      720
 23.42394      721
 23.45616      723
 23.48838      724
 23.48838      726
 23.5206       727
 23.55282      728
 23.58504      729
 23.61726      731
 23.61726      732
 23.64948      733
 23.6817       734
 23.71392      735
 23.71392      736
 23.74614      736
 23.77836      737
 23.81058      738
 23.8428       739
 23.8428       739
 23.87502      740
 23.90724      740
 23.93946      741
 23.97168      741
 23.97168      741
 24.0039       741
 24.03612      742
 24.06834      742
 24.06834      742
 24.10056      742
 24.13278      742
 24.165        741
 24.19722      741
 24.19722      741
 24.22944      740
 24.26166      740
 24.29388      739
 24.3261       739
 24.3261       738
 24.35832      737
 24.39054      736
 24.42276      735
 24.42276      734
 24.45498      733
 24.4872       732
 24.51942      731
 24.51942      729
 24.55164      728
 24.58386      726
 24.61608      725
 24.6483       723
 24.6483       722
 24.68052      720
 24.71274      718
 24.74496      716
 24.74496      714
 24.77718      712
 24.8094       710
 24.84162      708
 24.87384      704
 24.87384      702
 24.90606      700
 24.93828      697
 24.9705       695
 24.9705       692
 25.00272      690
 25.03494      687
 25.06716      684
 25.09938      682
 25.09938      679
 25.1316       676
 25.16382      674
 25.19604      671
 25.19604      668
 25.22826      665
 25.26048      662
 25.2927       659
 25.2927       657
 25.32492      654
 25.35714      651
 25.38936      648
 25.38936      645
 25.42158      642
 25.4538       639
 25.48602      637
 25.51824      634
 25.51824      631
 25.55046      629
 25.58268      627
 25.6149       624
 25.6149       622
 25.64712      620
 25.67934      618
 25.71156      616
 25.71156      615
 25.74378      614
 25.776        612
 25.80822      612
 25.84044      611
 25.84044      593
 25.87266      561
 25.90488      532
 25.90488      507
 25.9371       485
 25.96932      465
 26.03376      448
 26.03376      433
 26.06598      420
 26.0982       408
 26.13042      397
 26.13042      387
 26.16264      379
 26.19486      372
 26.22708      366
 26.22708      361
 26.2593       356
 26.29152      352
 26.32374      348
 26.32374      345
 26.35596      343
 26.38818      340
 26.4204       338
 26.4204       337
 26.45262      336
 26.48484      335
 26.51706      335
 26.51706      335
 26.54928      334
 26.5815       334
 26.61372      334
 26.64594      334
 26.64594      334
 26.67816      334
 26.71038      334
 26.71038      334
 26.7426       334
 26.77482      335
 26.80704      335
 26.83926      335
 26.83926      335
 26.87148      335
 26.9037       335
 26.93592      335
 26.93592      335
 26.96814      334
 27.00036      334
 27.03258      333
 27.03258      332
 27.0648       331
 27.09702      330
 27.12924      328
 27.12924      327
 27.16146      325
 27.19368      324
 27.2259       322
 27.2259       321
 27.25812      319
 27.29034      318
 27.32256      316
 27.32256      315
 27.35478      314
 27.387        312
 27.41922      311
 27.41922      310
 27.45144      309
 27.48366      308
 27.51588      307
 27.51588      306
 27.5481       306
 27.58032      305
 27.58032      305
